min=PointVector 
 vector=(0, 2, 2, 6, 0, 2, 4, 4, 0, 2, 6, 2, 0, 4, 2, 4, 1, 1, 3, 5) 
 history=[(6, 0, 2, 2, 4, 2, 4, 0, 6, 2, 0, 2, 5, 1, 1, 3, 4, 0, 2, 4), 'init', (6, 0, 2, 2, 4, 0, 2, 4, 6, 2, 0, 2, 4, 2, 4, 0, 5, 1, 1, 3), 'Permute', (0, 6, 2, 2, 0, 4, 4, 2, 2, 6, 2, 0, 4, 2, 4, 0, 1, 5, 3, 1), 'Complement', (0, 2, 2, 6, 0, 2, 4, 4, 2, 0, 2, 6, 4, 0, 4, 2, 1, 1, 3, 5), 'SymDiff', (0, 2, 2, 6, 0, 2, 4, 4, 0, 2, 6, 2, 0, 4, 2, 4, 1, 1, 3, 5), 'Complement'] 

min=PointVector 
 vector=(0, 0, 4, 6, 0, 2, 4, 4, 0, 4, 2, 4, 0, 6, 2, 2, 5, 3, 1, 1) 
 history=[(6, 2, 2, 0, 4, 2, 4, 0, 0, 4, 6, 0, 5, 1, 1, 3, 2, 4, 4, 0), 'init', (0, 4, 6, 0, 2, 4, 4, 0, 4, 2, 4, 0, 6, 2, 2, 0, 5, 1, 1, 3), 'Permute', (0, 0, 6, 4, 2, 0, 4, 4, 4, 0, 4, 2, 6, 0, 2, 2, 5, 3, 1, 1), 'SymDiff', (0, 0, 4, 6, 0, 2, 4, 4, 0, 4, 2, 4, 0, 6, 2, 2, 5, 3, 1, 1), 'Complement'] 

min=PointVector 
 vector=(0, 2, 2, 6, 1, 1, 3, 5, 1, 3, 3, 3, 1, 3, 5, 1, 5, 1, 1, 3) 
 history=[(5, 1, 3, 1, 6, 2, 2, 0, 5, 1, 1, 3, 3, 1, 3, 3, 5, 1, 1, 3), 'init', (6, 2, 2, 0, 5, 1, 3, 1, 3, 1, 3, 3, 5, 1, 1, 3, 5, 1, 1, 3), 'Permute', (2, 6, 0, 2, 1, 5, 1, 3, 1, 3, 3, 3, 1, 5, 3, 1, 5, 1, 1, 3), 'Complement', (2, 0, 6, 2, 1, 1, 5, 3, 1, 3, 3, 3, 1, 3, 5, 1, 5, 1, 1, 3), 'Permute', (0, 2, 2, 6, 1, 1, 3, 5, 1, 3, 3, 3, 1, 3, 5, 1, 5, 1, 1, 3), 'Complement'] 

min=PointVector 
 vector=(0, 2, 2, 6, 0, 2, 4, 4, 0, 4, 4, 2, 1, 3, 5, 1, 5, 1, 1, 3) 
 history=[(6, 2, 2, 0, 4, 2, 4, 0, 5, 1, 1, 3, 2, 4, 4, 0, 1, 3, 5, 1), 'init', (6, 2, 2, 0, 4, 2, 4, 0, 2, 4, 4, 0, 5, 1, 1, 3, 1, 3, 5, 1), 'Permute', (2, 6, 0, 2, 2, 4, 0, 4, 4, 2, 0, 4, 1, 5, 3, 1, 1, 3, 5, 1), 'Complement', (2, 0, 6, 2, 2, 0, 4, 4, 4, 0, 2, 4, 1, 3, 5, 1, 1, 5, 3, 1), 'Permute', (0, 2, 2, 6, 0, 2, 4, 4, 0, 4, 4, 2, 1, 3, 5, 1, 5, 1, 1, 3), 'Complement'] 

min=PointVector 
 vector=(0, 2, 2, 6, 0, 2, 2, 6, 0, 2, 6, 2, 1, 1, 3, 5, 3, 3, 1, 3) 
 history=[(6, 0, 2, 2, 6, 0, 2, 2, 1, 3, 5, 1, 6, 2, 0, 2, 3, 3, 3, 1), 'init', (6, 0, 2, 2, 6, 0, 2, 2, 6, 2, 0, 2, 1, 3, 5, 1, 3, 3, 3, 1), 'Permute', (0, 6, 2, 2, 0, 6, 2, 2, 2, 6, 2, 0, 1, 3, 5, 1, 3, 3, 1, 3), 'Complement', (0, 2, 2, 6, 0, 2, 2, 6, 2, 0, 2, 6, 1, 1, 5, 3, 3, 3, 1, 3), 'SymDiff', (0, 2, 2, 6, 0, 2, 2, 6, 0, 2, 6, 2, 1, 1, 3, 5, 3, 3, 1, 3), 'Complement'] 

min=PointVector 
 vector=(0, 2, 4, 4, 0, 4, 2, 4, 0, 4, 4, 2, 1, 1, 3, 5, 2, 4, 2, 2) 
 history=[(5, 1, 3, 1, 4, 2, 4, 0, 4, 4, 2, 0, 2, 2, 4, 2, 2, 4, 4, 0), 'init', (4, 2, 4, 0, 4, 4, 2, 0, 2, 4, 4, 0, 5, 1, 3, 1, 2, 2, 4, 2), 'Permute', (2, 4, 0, 4, 4, 4, 0, 2, 4, 2, 0, 4, 1, 5, 1, 3, 2, 2, 4, 2), 'Complement', (2, 0, 4, 4, 4, 0, 4, 2, 4, 0, 2, 4, 1, 1, 5, 3, 2, 4, 2, 2), 'Permute', (0, 2, 4, 4, 0, 4, 2, 4, 0, 4, 4, 2, 1, 1, 3, 5, 2, 4, 2, 2), 'Complement'] 

min=PointVector 
 vector=(0, 2, 4, 4, 0, 2, 4, 4, 0, 4, 2, 4, 1, 3, 3, 3, 1, 5, 3, 1) 
 history=[(4, 2, 4, 0, 4, 0, 4, 2, 2, 4, 4, 0, 5, 3, 1, 1, 3, 3, 3, 1), 'init', (4, 2, 4, 0, 4, 0, 4, 2, 2, 4, 4, 0, 3, 3, 3, 1, 5, 3, 1, 1), 'Permute', (4, 0, 4, 2, 4, 2, 4, 0, 2, 0, 4, 4, 3, 1, 3, 3, 5, 1, 1, 3), 'SymDiff', (0, 4, 2, 4, 2, 4, 0, 4, 0, 2, 4, 4, 1, 3, 3, 3, 5, 1, 1, 3), 'Complement', (0, 2, 4, 4, 2, 0, 4, 4, 0, 4, 2, 4, 1, 3, 3, 3, 5, 1, 1, 3), 'Permute', (0, 2, 4, 4, 0, 2, 4, 4, 0, 4, 2, 4, 1, 3, 3, 3, 1, 5, 3, 1), 'Complement'] 

min=PointVector 
 vector=(0, 2, 2, 6, 0, 2, 4, 4, 1, 3, 3, 3, 1, 3, 3, 3, 5, 1, 1, 3) 
 history=[(6, 0, 2, 2, 4, 2, 4, 0, 3, 3, 3, 1, 5, 3, 1, 1, 3, 1, 3, 3), 'init', (6, 0, 2, 2, 4, 2, 4, 0, 3, 1, 3, 3, 3, 3, 3, 1, 5, 3, 1, 1), 'Permute', (6, 2, 2, 0, 4, 0, 4, 2, 3, 3, 3, 1, 3, 1, 3, 3, 5, 1, 1, 3), 'SymDiff', (2, 6, 0, 2, 0, 4, 2, 4, 3, 3, 1, 3, 1, 3, 3, 3, 5, 1, 1, 3), 'Complement', (2, 0, 6, 2, 0, 2, 4, 4, 3, 1, 3, 3, 1, 3, 3, 3, 5, 1, 1, 3), 'Permute', (0, 2, 2, 6, 0, 2, 4, 4, 1, 3, 3, 3, 1, 3, 3, 3, 5, 1, 1, 3), 'Complement'] 

min=PointVector 
 vector=(0, 2, 2, 6, 0, 4, 4, 2, 1, 1, 3, 5, 1, 3, 1, 5, 4, 2, 2, 2) 
 history=[(6, 0, 2, 2, 3, 1, 5, 1, 5, 1, 1, 3, 4, 2, 2, 2, 4, 4, 2, 0), 'init', (6, 0, 2, 2, 4, 4, 2, 0, 5, 1, 1, 3, 3, 1, 5, 1, 4, 2, 2, 2), 'Permute', (0, 6, 2, 2, 4, 4, 2, 0, 1, 5, 3, 1, 3, 1, 5, 1, 4, 2, 2, 2), 'Complement', (0, 2, 2, 6, 4, 0, 2, 4, 1, 1, 3, 5, 3, 1, 5, 1, 4, 2, 2, 2), 'SymDiff', (0, 2, 2, 6, 0, 4, 4, 2, 1, 1, 3, 5, 1, 3, 1, 5, 4, 2, 2, 2), 'Complement'] 

min=PointVector 
 vector=(0, 2, 2, 6, 0, 2, 4, 4, 0, 2, 6, 2, 1, 3, 1, 5, 2, 4, 2, 2) 
 history=[(5, 1, 3, 1, 2, 2, 6, 0, 4, 2, 2, 2, 2, 4, 4, 0, 6, 2, 0, 2), 'init', (2, 2, 6, 0, 2, 4, 4, 0, 6, 2, 0, 2, 5, 1, 3, 1, 4, 2, 2, 2), 'Permute', (2, 2, 6, 0, 2, 4, 4, 0, 2, 6, 2, 0, 1, 5, 1, 3, 4, 2, 2, 2), 'Complement', (2, 0, 6, 2, 2, 0, 4, 4, 2, 0, 2, 6, 1, 3, 1, 5, 4, 2, 2, 2), 'SymDiff', (0, 2, 2, 6, 0, 2, 4, 4, 0, 2, 6, 2, 1, 3, 1, 5, 2, 4, 2, 2), 'Complement'] 

min=PointVector 
 vector=(0, 2, 2, 6, 0, 2, 4, 4, 1, 1, 1, 7, 2, 2, 2, 4, 4, 2, 2, 2) 
 history=[(2, 2, 6, 0, 7, 1, 1, 1, 4, 2, 2, 2, 2, 4, 4, 0, 4, 2, 2, 2), 'init', (2, 2, 6, 0, 2, 4, 4, 0, 7, 1, 1, 1, 4, 2, 2, 2, 4, 2, 2, 2), 'Permute', (2, 2, 6, 0, 2, 4, 4, 0, 1, 7, 1, 1, 2, 4, 2, 2, 4, 2, 2, 2), 'Complement', (2, 0, 6, 2, 2, 0, 4, 4, 1, 1, 1, 7, 2, 2, 2, 4, 4, 2, 2, 2), 'SymDiff', (0, 2, 2, 6, 0, 2, 4, 4, 1, 1, 1, 7, 2, 2, 2, 4, 4, 2, 2, 2), 'Complement'] 

min=PointVector 
 vector=(0, 2, 4, 4, 0, 2, 4, 4, 0, 4, 2, 4, 1, 1, 1, 7, 3, 1, 3, 3) 
 history=[(7, 1, 1, 1, 4, 2, 4, 0, 3, 3, 3, 1, 2, 4, 4, 0, 4, 0, 2, 4), 'init', (2, 4, 4, 0, 4, 0, 2, 4, 4, 2, 4, 0, 7, 1, 1, 1, 3, 3, 3, 1), 'Permute', (2, 4, 4, 0, 0, 4, 4, 2, 4, 2, 4, 0, 1, 7, 1, 1, 3, 3, 3, 1), 'Complement', (2, 0, 4, 4, 0, 2, 4, 4, 4, 0, 4, 2, 1, 1, 1, 7, 3, 1, 3, 3), 'SymDiff', (0, 2, 4, 4, 0, 2, 4, 4, 0, 4, 2, 4, 1, 1, 1, 7, 3, 1, 3, 3), 'Complement'] 

min=PointVector 
 vector=(0, 2, 4, 4, 1, 3, 1, 5, 1, 3, 1, 5, 2, 2, 2, 4, 2, 2, 4, 2) 
 history=[(5, 1, 3, 1, 5, 1, 3, 1, 4, 2, 2, 2, 2, 2, 4, 2, 4, 4, 2, 0), 'init', (4, 4, 2, 0, 5, 1, 3, 1, 5, 1, 3, 1, 4, 2, 2, 2, 2, 2, 4, 2), 'Permute', (4, 0, 2, 4, 5, 1, 3, 1, 5, 1, 3, 1, 4, 2, 2, 2, 2, 2, 4, 2), 'SymDiff', (0, 4, 4, 2, 1, 5, 1, 3, 1, 5, 1, 3, 2, 4, 2, 2, 2, 2, 4, 2), 'Complement', (0, 2, 4, 4, 1, 3, 1, 5, 1, 3, 1, 5, 2, 2, 2, 4, 2, 2, 4, 2), 'SymDiff'] 

min=PointVector 
 vector=(0, 2, 2, 6, 0, 2, 4, 4, 0, 2, 4, 4, 0, 6, 2, 2, 4, 2, 2, 2) 
 history=[(6, 2, 2, 0, 2, 2, 6, 0, 2, 4, 4, 0, 2, 4, 4, 0, 4, 2, 2, 2), 'init', (2, 2, 6, 0, 2, 4, 4, 0, 2, 4, 4, 0, 6, 2, 2, 0, 4, 2, 2, 2), 'Permute', (2, 0, 6, 2, 2, 0, 4, 4, 2, 0, 4, 4, 6, 0, 2, 2, 4, 2, 2, 2), 'SymDiff', (0, 2, 2, 6, 0, 2, 4, 4, 0, 2, 4, 4, 0, 6, 2, 2, 4, 2, 2, 2), 'Complement'] 

min=PointVector 
 vector=(0, 2, 2, 6, 0, 2, 4, 4, 0, 2, 4, 4, 0, 2, 6, 2, 2, 4, 0, 4) 
 history=[(4, 2, 4, 0, 6, 0, 2, 2, 2, 4, 4, 0, 4, 0, 2, 4, 6, 2, 0, 2), 'init', (6, 0, 2, 2, 4, 0, 2, 4, 2, 4, 4, 0, 6, 2, 0, 2, 4, 2, 4, 0), 'Permute', (0, 6, 2, 2, 0, 4, 4, 2, 2, 4, 4, 0, 2, 6, 2, 0, 2, 4, 0, 4), 'Complement', (0, 2, 2, 6, 0, 2, 4, 4, 2, 0, 4, 4, 2, 0, 2, 6, 2, 4, 0, 4), 'SymDiff', (0, 2, 2, 6, 0, 2, 4, 4, 0, 2, 4, 4, 0, 2, 6, 2, 2, 4, 0, 4), 'Complement'] 

min=PointVector 
 vector=(0, 2, 2, 6, 0, 2, 6, 2, 1, 3, 1, 5, 1, 3, 1, 5, 5, 1, 3, 1) 
 history=[(6, 2, 2, 0, 6, 0, 2, 2, 1, 3, 5, 1, 5, 1, 1, 3, 5, 1, 1, 3), 'init', (6, 0, 2, 2, 6, 2, 2, 0, 5, 1, 1, 3, 5, 1, 1, 3, 1, 3, 5, 1), 'Permute', (6, 2, 2, 0, 6, 0, 2, 2, 5, 3, 1, 1, 5, 3, 1, 1, 1, 1, 5, 3), 'SymDiff', (2, 6, 0, 2, 0, 6, 2, 2, 3, 5, 1, 1, 3, 5, 1, 1, 1, 1, 5, 3), 'Complement', (2, 0, 6, 2, 0, 2, 6, 2, 3, 1, 5, 1, 3, 1, 5, 1, 1, 5, 1, 3), 'Permute', (0, 2, 2, 6, 0, 2, 6, 2, 1, 3, 1, 5, 1, 3, 1, 5, 5, 1, 3, 1), 'Complement'] 

min=PointVector 
 vector=(0, 2, 2, 6, 0, 2, 4, 4, 0, 4, 4, 2, 1, 1, 3, 5, 3, 1, 1, 5) 
 history=[(4, 2, 4, 0, 5, 1, 3, 1, 1, 3, 5, 1, 6, 2, 0, 2, 2, 4, 4, 0), 'init', (6, 2, 0, 2, 2, 4, 4, 0, 4, 2, 4, 0, 1, 3, 5, 1, 5, 1, 3, 1), 'Permute', (6, 0, 2, 2, 2, 4, 4, 0, 4, 4, 2, 0, 1, 5, 3, 1, 5, 3, 1, 1), 'Permute', (0, 6, 2, 2, 2, 4, 4, 0, 4, 4, 2, 0, 1, 5, 3, 1, 3, 5, 1, 1), 'Complement', (0, 2, 2, 6, 2, 0, 4, 4, 4, 0, 2, 4, 1, 1, 3, 5, 3, 1, 1, 5), 'SymDiff', (0, 2, 2, 6, 0, 2, 4, 4, 0, 4, 4, 2, 1, 1, 3, 5, 3, 1, 1, 5), 'Complement'] 

min=PointVector 
 vector=(0, 2, 2, 6, 0, 2, 4, 4, 1, 3, 3, 3, 1, 3, 5, 1, 1, 3, 5, 1) 
 history=[(5, 1, 3, 1, 5, 1, 3, 1, 3, 1, 3, 3, 6, 2, 0, 2, 2, 4, 4, 0), 'init', (6, 2, 0, 2, 2, 4, 4, 0, 3, 1, 3, 3, 5, 1, 3, 1, 5, 1, 3, 1), 'Permute', (6, 0, 2, 2, 2, 4, 4, 0, 3, 3, 1, 3, 5, 3, 1, 1, 5, 3, 1, 1), 'Permute', (0, 6, 2, 2, 2, 4, 4, 0, 3, 3, 3, 1, 3, 5, 1, 1, 3, 5, 1, 1), 'Complement', (0, 2, 2, 6, 2, 0, 4, 4, 3, 1, 3, 3, 3, 1, 1, 5, 3, 1, 1, 5), 'SymDiff', (0, 2, 2, 6, 0, 2, 4, 4, 1, 3, 3, 3, 1, 3, 5, 1, 1, 3, 5, 1), 'Complement'] 

min=PointVector 
 vector=(0, 2, 2, 6, 0, 2, 6, 2, 1, 1, 3, 5, 1, 3, 1, 5, 3, 3, 1, 3) 
 history=[(2, 2, 6, 0, 5, 1, 3, 1, 3, 3, 3, 1, 5, 1, 1, 3, 6, 2, 0, 2), 'init', (2, 2, 6, 0, 6, 2, 0, 2, 5, 1, 1, 3, 5, 1, 3, 1, 3, 3, 3, 1), 'Permute', (2, 2, 6, 0, 2, 6, 2, 0, 1, 5, 3, 1, 1, 5, 1, 3, 3, 3, 1, 3), 'Complement', (2, 0, 6, 2, 2, 0, 2, 6, 1, 1, 3, 5, 1, 3, 1, 5, 3, 3, 1, 3), 'SymDiff', (0, 2, 2, 6, 0, 2, 6, 2, 1, 1, 3, 5, 1, 3, 1, 5, 3, 3, 1, 3), 'Complement'] 

min=PointVector 
 vector=(1, 1, 3, 5, 1, 1, 3, 5, 1, 3, 1, 5, 1, 3, 5, 1, 4, 2, 2, 2) 
 history=[(5, 1, 3, 1, 5, 1, 3, 1, 2, 2, 4, 2, 5, 3, 1, 1, 5, 1, 1, 3), 'init', (5, 1, 3, 1, 5, 1, 3, 1, 5, 3, 1, 1, 5, 1, 1, 3, 2, 2, 4, 2), 'Permute', (1, 5, 1, 3, 1, 5, 1, 3, 3, 5, 1, 1, 1, 5, 3, 1, 2, 2, 4, 2), 'Complement', (1, 1, 5, 3, 1, 1, 5, 3, 3, 1, 5, 1, 1, 3, 5, 1, 2, 4, 2, 2), 'Permute', (1, 1, 3, 5, 1, 1, 3, 5, 1, 3, 1, 5, 1, 3, 5, 1, 4, 2, 2, 2), 'Complement'] 

min=PointVector 
 vector=(0, 2, 2, 6, 0, 2, 4, 4, 0, 2, 4, 4, 1, 1, 1, 7, 1, 1, 5, 3) 
 history=[(6, 0, 2, 2, 7, 1, 1, 1, 5, 1, 1, 3, 2, 4, 4, 0, 4, 0, 2, 4), 'init', (6, 0, 2, 2, 4, 0, 2, 4, 2, 4, 4, 0, 7, 1, 1, 1, 5, 1, 1, 3), 'Permute', (0, 6, 2, 2, 0, 4, 4, 2, 2, 4, 4, 0, 1, 7, 1, 1, 1, 5, 3, 1), 'Complement', (0, 2, 2, 6, 0, 2, 4, 4, 2, 0, 4, 4, 1, 1, 1, 7, 1, 1, 3, 5), 'SymDiff', (0, 2, 2, 6, 0, 2, 4, 4, 0, 2, 4, 4, 1, 1, 1, 7, 1, 1, 5, 3), 'Complement'] 

min=PointVector 
 vector=(0, 2, 2, 6, 0, 4, 4, 2, 1, 1, 3, 5, 1, 3, 5, 1, 5, 1, 1, 3) 
 history=[(6, 2, 2, 0, 5, 1, 3, 1, 4, 0, 2, 4, 5, 1, 1, 3, 5, 1, 1, 3), 'init', (6, 2, 2, 0, 4, 0, 2, 4, 5, 1, 3, 1, 5, 1, 1, 3, 5, 1, 1, 3), 'Permute', (2, 6, 0, 2, 0, 4, 4, 2, 1, 5, 1, 3, 1, 5, 3, 1, 5, 1, 1, 3), 'Complement', (2, 0, 6, 2, 0, 4, 4, 2, 1, 1, 5, 3, 1, 3, 5, 1, 5, 1, 1, 3), 'Permute', (0, 2, 2, 6, 0, 4, 4, 2, 1, 1, 3, 5, 1, 3, 5, 1, 5, 1, 1, 3), 'Complement'] 

min=PointVector 
 vector=(0, 2, 2, 6, 0, 2, 4, 4, 0, 4, 4, 2, 0, 4, 4, 2, 1, 3, 3, 3) 
 history=[(4, 0, 4, 2, 4, 2, 4, 0, 6, 2, 0, 2, 3, 3, 3, 1, 2, 4, 4, 0), 'init', (6, 2, 0, 2, 2, 4, 4, 0, 4, 0, 4, 2, 4, 2, 4, 0, 3, 3, 3, 1), 'Permute', (6, 0, 2, 2, 2, 4, 4, 0, 4, 4, 0, 2, 4, 4, 2, 0, 3, 3, 3, 1), 'Permute', (0, 6, 2, 2, 2, 4, 4, 0, 4, 4, 2, 0, 4, 4, 2, 0, 3, 3, 3, 1), 'Complement', (0, 2, 2, 6, 2, 0, 4, 4, 4, 0, 2, 4, 4, 0, 2, 4, 3, 1, 3, 3), 'SymDiff', (0, 2, 2, 6, 0, 2, 4, 4, 0, 4, 4, 2, 0, 4, 4, 2, 1, 3, 3, 3), 'Complement'] 

min=PointVector 
 vector=(0, 2, 2, 6, 1, 1, 3, 5, 1, 3, 5, 1, 2, 2, 2, 4, 4, 2, 2, 2) 
 history=[(6, 2, 2, 0, 3, 1, 5, 1, 4, 2, 2, 2, 5, 1, 1, 3, 4, 2, 2, 2), 'init', (6, 2, 2, 0, 3, 1, 5, 1, 5, 1, 1, 3, 4, 2, 2, 2, 4, 2, 2, 2), 'Permute', (2, 6, 0, 2, 1, 3, 1, 5, 1, 5, 3, 1, 2, 4, 2, 2, 4, 2, 2, 2), 'Complement', (2, 0, 6, 2, 1, 1, 3, 5, 1, 3, 5, 1, 2, 2, 4, 2, 4, 2, 2, 2), 'Permute', (0, 2, 2, 6, 1, 1, 3, 5, 1, 3, 5, 1, 2, 2, 2, 4, 4, 2, 2, 2), 'Complement'] 

min=PointVector 
 vector=(0, 2, 2, 6, 0, 2, 2, 6, 0, 2, 4, 4, 0, 2, 6, 2, 1, 3, 3, 3) 
 history=[(6, 0, 2, 2, 6, 0, 2, 2, 3, 3, 3, 1, 6, 2, 0, 2, 4, 0, 2, 4), 'init', (6, 0, 2, 2, 6, 0, 2, 2, 4, 0, 2, 4, 6, 2, 0, 2, 3, 3, 3, 1), 'Permute', (0, 6, 2, 2, 0, 6, 2, 2, 0, 4, 4, 2, 2, 6, 2, 0, 3, 3, 3, 1), 'Complement', (0, 2, 2, 6, 0, 2, 2, 6, 0, 2, 4, 4, 2, 0, 2, 6, 3, 1, 3, 3), 'SymDiff', (0, 2, 2, 6, 0, 2, 2, 6, 0, 2, 4, 4, 0, 2, 6, 2, 1, 3, 3, 3), 'Complement'] 

min=PointVector 
 vector=(0, 2, 4, 4, 0, 2, 4, 4, 0, 4, 2, 4, 1, 3, 5, 1, 4, 2, 2, 2) 
 history=[(4, 2, 4, 0, 4, 2, 4, 0, 4, 2, 2, 2, 4, 4, 2, 0, 1, 3, 5, 1), 'init', (4, 2, 4, 0, 4, 2, 4, 0, 4, 4, 2, 0, 1, 3, 5, 1, 4, 2, 2, 2), 'Permute', (2, 4, 0, 4, 2, 4, 0, 4, 4, 4, 0, 2, 3, 1, 1, 5, 4, 2, 2, 2), 'Complement', (2, 0, 4, 4, 2, 0, 4, 4, 4, 0, 4, 2, 3, 1, 1, 5, 4, 2, 2, 2), 'Permute', (0, 2, 4, 4, 0, 2, 4, 4, 0, 4, 2, 4, 1, 3, 5, 1, 4, 2, 2, 2), 'Complement'] 

min=PointVector 
 vector=(0, 2, 2, 6, 0, 2, 4, 4, 0, 4, 4, 2, 1, 3, 1, 5, 2, 4, 2, 2) 
 history=[(6, 0, 2, 2, 4, 0, 4, 2, 5, 1, 1, 3, 4, 4, 2, 0, 4, 2, 2, 2), 'init', (6, 0, 2, 2, 4, 0, 4, 2, 4, 4, 2, 0, 5, 1, 1, 3, 4, 2, 2, 2), 'Permute', (6, 2, 2, 0, 4, 2, 4, 0, 4, 0, 2, 4, 5, 3, 1, 1, 4, 2, 2, 2), 'SymDiff', (2, 6, 0, 2, 2, 4, 0, 4, 0, 4, 4, 2, 3, 5, 1, 1, 4, 2, 2, 2), 'Complement', (2, 0, 6, 2, 2, 0, 4, 4, 0, 4, 4, 2, 3, 1, 5, 1, 4, 2, 2, 2), 'Permute', (0, 2, 2, 6, 0, 2, 4, 4, 0, 4, 4, 2, 1, 3, 1, 5, 2, 4, 2, 2), 'Complement'] 

min=PointVector 
 vector=(0, 2, 2, 6, 0, 2, 4, 4, 0, 6, 2, 2, 1, 3, 3, 3, 4, 2, 2, 2) 
 history=[(6, 2, 2, 0, 6, 0, 2, 2, 4, 2, 2, 2, 3, 3, 3, 1, 4, 0, 2, 4), 'init', (6, 0, 2, 2, 4, 0, 2, 4, 6, 2, 2, 0, 3, 3, 3, 1, 4, 2, 2, 2), 'Permute', (0, 6, 2, 2, 0, 4, 4, 2, 6, 2, 2, 0, 3, 3, 3, 1, 4, 2, 2, 2), 'Complement', (0, 2, 2, 6, 0, 2, 4, 4, 6, 0, 2, 2, 3, 1, 3, 3, 4, 2, 2, 2), 'SymDiff', (0, 2, 2, 6, 0, 2, 4, 4, 0, 6, 2, 2, 1, 3, 3, 3, 4, 2, 2, 2), 'Complement'] 

min=PointVector 
 vector=(1, 1, 3, 5, 1, 1, 3, 5, 1, 3, 1, 5, 1, 3, 3, 3, 1, 5, 3, 1) 
 history=[(5, 1, 3, 1, 3, 1, 5, 1, 5, 3, 1, 1, 3, 3, 3, 1, 5, 1, 1, 3), 'init', (1, 5, 1, 3, 1, 3, 1, 5, 3, 5, 1, 1, 3, 3, 1, 3, 5, 1, 1, 3), 'Complement', (1, 1, 5, 3, 1, 1, 3, 5, 3, 1, 5, 1, 3, 1, 3, 3, 5, 1, 1, 3), 'Permute', (1, 1, 3, 5, 1, 1, 3, 5, 1, 3, 1, 5, 1, 3, 3, 3, 1, 5, 3, 1), 'Complement'] 

min=PointVector 
 vector=(0, 2, 2, 6, 0, 2, 2, 6, 0, 4, 4, 2, 1, 3, 3, 3, 2, 2, 4, 2) 
 history=[(6, 0, 2, 2, 6, 0, 2, 2, 2, 2, 4, 2, 3, 3, 3, 1, 4, 4, 2, 0), 'init', (6, 0, 2, 2, 6, 0, 2, 2, 4, 4, 2, 0, 3, 3, 3, 1, 2, 2, 4, 2), 'Permute', (0, 6, 2, 2, 0, 6, 2, 2, 4, 4, 2, 0, 3, 3, 3, 1, 2, 2, 4, 2), 'Complement', (0, 2, 2, 6, 0, 2, 2, 6, 4, 0, 2, 4, 3, 1, 3, 3, 2, 2, 4, 2), 'SymDiff', (0, 2, 2, 6, 0, 2, 2, 6, 0, 4, 4, 2, 1, 3, 3, 3, 2, 2, 4, 2), 'Complement'] 

min=PointVector 
 vector=(0, 2, 2, 6, 0, 2, 2, 6, 0, 2, 4, 4, 1, 3, 5, 1, 2, 4, 2, 2) 
 history=[(6, 0, 2, 2, 6, 0, 2, 2, 2, 2, 4, 2, 5, 3, 1, 1, 2, 4, 4, 0), 'init', (6, 0, 2, 2, 6, 0, 2, 2, 2, 4, 4, 0, 5, 3, 1, 1, 2, 2, 4, 2), 'Permute', (0, 6, 2, 2, 0, 6, 2, 2, 2, 4, 4, 0, 3, 5, 1, 1, 2, 2, 2, 4), 'Complement', (0, 2, 2, 6, 0, 2, 2, 6, 2, 0, 4, 4, 3, 1, 1, 5, 2, 4, 2, 2), 'SymDiff', (0, 2, 2, 6, 0, 2, 2, 6, 0, 2, 4, 4, 1, 3, 5, 1, 2, 4, 2, 2), 'Complement'] 

min=PointVector 
 vector=(0, 2, 2, 6, 0, 2, 2, 6, 0, 4, 4, 2, 1, 1, 3, 5, 4, 2, 2, 2) 
 history=[(6, 0, 2, 2, 6, 0, 2, 2, 4, 4, 2, 0, 5, 1, 1, 3, 2, 2, 4, 2), 'init', (0, 6, 2, 2, 0, 6, 2, 2, 4, 4, 2, 0, 1, 5, 3, 1, 2, 2, 2, 4), 'Complement', (0, 2, 2, 6, 0, 2, 2, 6, 4, 0, 2, 4, 1, 1, 3, 5, 2, 4, 2, 2), 'SymDiff', (0, 2, 2, 6, 0, 2, 2, 6, 0, 4, 4, 2, 1, 1, 3, 5, 4, 2, 2, 2), 'Complement'] 

min=PointVector 
 vector=(0, 0, 4, 6, 0, 2, 2, 6, 1, 3, 1, 5, 1, 3, 5, 1, 2, 2, 2, 4) 
 history=[(6, 0, 2, 2, 5, 1, 3, 1, 0, 4, 6, 0, 4, 2, 2, 2, 5, 3, 1, 1), 'init', (0, 4, 6, 0, 6, 0, 2, 2, 5, 1, 3, 1, 5, 3, 1, 1, 4, 2, 2, 2), 'Permute', (0, 4, 6, 0, 0, 6, 2, 2, 1, 5, 1, 3, 3, 5, 1, 1, 2, 4, 2, 2), 'Complement', (0, 0, 6, 4, 0, 2, 2, 6, 1, 3, 1, 5, 3, 1, 1, 5, 2, 2, 2, 4), 'SymDiff', (0, 0, 4, 6, 0, 2, 2, 6, 1, 3, 1, 5, 1, 3, 5, 1, 2, 2, 2, 4), 'Complement'] 

min=PointVector 
 vector=(0, 2, 2, 6, 1, 1, 3, 5, 1, 3, 1, 5, 1, 3, 3, 3, 5, 1, 1, 3) 
 history=[(5, 1, 3, 1, 2, 2, 6, 0, 5, 3, 1, 1, 3, 3, 3, 1, 5, 1, 1, 3), 'init', (2, 2, 6, 0, 5, 1, 1, 3, 5, 1, 3, 1, 3, 3, 3, 1, 5, 3, 1, 1), 'Permute', (2, 2, 6, 0, 1, 5, 3, 1, 1, 5, 1, 3, 3, 3, 3, 1, 5, 3, 1, 1), 'Complement', (2, 0, 6, 2, 1, 1, 3, 5, 1, 3, 1, 5, 3, 1, 3, 3, 5, 1, 1, 3), 'SymDiff', (0, 2, 2, 6, 1, 1, 3, 5, 1, 3, 1, 5, 1, 3, 3, 3, 5, 1, 1, 3), 'Complement'] 

min=PointVector 
 vector=(0, 2, 2, 6, 0, 2, 6, 2, 1, 1, 3, 5, 1, 3, 1, 5, 2, 2, 2, 4) 
 history=[(2, 2, 6, 0, 5, 1, 3, 1, 6, 2, 0, 2, 4, 2, 2, 2, 5, 1, 1, 3), 'init', (2, 2, 6, 0, 6, 2, 0, 2, 5, 1, 1, 3, 5, 1, 3, 1, 4, 2, 2, 2), 'Permute', (2, 2, 6, 0, 2, 6, 2, 0, 1, 5, 3, 1, 1, 5, 1, 3, 2, 4, 2, 2), 'Complement', (2, 0, 6, 2, 2, 0, 2, 6, 1, 1, 3, 5, 1, 3, 1, 5, 2, 2, 2, 4), 'SymDiff', (0, 2, 2, 6, 0, 2, 6, 2, 1, 1, 3, 5, 1, 3, 1, 5, 2, 2, 2, 4), 'Complement'] 

min=PointVector 
 vector=(0, 0, 4, 6, 0, 2, 2, 6, 0, 2, 4, 4, 0, 4, 2, 4, 2, 4, 4, 0) 
 history=[(6, 0, 2, 2, 4, 2, 4, 0, 0, 4, 6, 0, 4, 4, 2, 0, 2, 4, 4, 0), 'init', (0, 4, 6, 0, 6, 0, 2, 2, 2, 4, 4, 0, 4, 2, 4, 0, 4, 4, 2, 0), 'Permute', (0, 4, 6, 0, 0, 6, 2, 2, 2, 4, 4, 0, 4, 2, 4, 0, 4, 4, 0, 2), 'Complement', (0, 0, 6, 4, 0, 2, 2, 6, 2, 0, 4, 4, 4, 0, 4, 2, 4, 2, 0, 4), 'SymDiff', (0, 0, 4, 6, 0, 2, 2, 6, 0, 2, 4, 4, 0, 4, 2, 4, 2, 4, 4, 0), 'Complement'] 

min=PointVector 
 vector=(0, 2, 4, 4, 1, 1, 1, 7, 1, 1, 3, 5, 1, 3, 1, 5, 4, 2, 2, 2) 
 history=[(3, 1, 5, 1, 7, 1, 1, 1, 5, 1, 1, 3, 4, 2, 2, 2, 2, 4, 4, 0), 'init', (2, 4, 4, 0, 7, 1, 1, 1, 5, 1, 1, 3, 3, 1, 5, 1, 4, 2, 2, 2), 'Permute', (2, 4, 4, 0, 1, 7, 1, 1, 1, 5, 3, 1, 3, 1, 5, 1, 4, 2, 2, 2), 'Complement', (2, 0, 4, 4, 1, 1, 1, 7, 1, 1, 3, 5, 3, 1, 5, 1, 4, 2, 2, 2), 'SymDiff', (0, 2, 4, 4, 1, 1, 1, 7, 1, 1, 3, 5, 1, 3, 1, 5, 4, 2, 2, 2), 'Complement'] 

min=PointVector 
 vector=(0, 2, 2, 6, 0, 2, 4, 4, 0, 6, 2, 2, 1, 3, 1, 5, 1, 3, 3, 3) 
 history=[(4, 2, 4, 0, 6, 0, 2, 2, 3, 1, 3, 3, 6, 2, 0, 2, 5, 1, 1, 3), 'init', (6, 0, 2, 2, 4, 2, 4, 0, 6, 2, 0, 2, 5, 1, 1, 3, 3, 1, 3, 3), 'Permute', (6, 2, 2, 0, 4, 0, 4, 2, 6, 2, 0, 2, 5, 3, 1, 1, 3, 3, 3, 1), 'SymDiff', (2, 6, 0, 2, 0, 4, 2, 4, 6, 2, 0, 2, 3, 5, 1, 1, 3, 3, 1, 3), 'Complement', (2, 0, 6, 2, 0, 2, 4, 4, 6, 0, 2, 2, 3, 1, 5, 1, 3, 1, 3, 3), 'Permute', (0, 2, 2, 6, 0, 2, 4, 4, 0, 6, 2, 2, 1, 3, 1, 5, 1, 3, 3, 3), 'Complement'] 

min=PointVector 
 vector=(0, 2, 2, 6, 0, 2, 4, 4, 1, 3, 3, 3, 1, 3, 3, 3, 2, 4, 2, 2) 
 history=[(4, 2, 4, 0, 6, 2, 2, 0, 3, 3, 3, 1, 4, 2, 2, 2, 3, 1, 3, 3), 'init', (6, 2, 2, 0, 4, 2, 4, 0, 3, 1, 3, 3, 3, 3, 3, 1, 4, 2, 2, 2), 'Permute', (2, 6, 0, 2, 2, 4, 0, 4, 1, 3, 3, 3, 3, 3, 1, 3, 4, 2, 2, 2), 'Complement', (2, 0, 6, 2, 2, 0, 4, 4, 1, 3, 3, 3, 3, 1, 3, 3, 4, 2, 2, 2), 'Permute', (0, 2, 2, 6, 0, 2, 4, 4, 1, 3, 3, 3, 1, 3, 3, 3, 2, 4, 2, 2), 'Complement'] 

min=PointVector 
 vector=(0, 2, 2, 6, 0, 4, 4, 2, 1, 1, 3, 5, 1, 3, 3, 3, 3, 1, 1, 5) 
 history=[(4, 0, 4, 2, 5, 1, 3, 1, 3, 3, 3, 1, 6, 2, 0, 2, 5, 1, 1, 3), 'init', (6, 2, 0, 2, 4, 0, 4, 2, 5, 1, 1, 3, 3, 3, 3, 1, 5, 1, 3, 1), 'Permute', (6, 0, 2, 2, 4, 4, 0, 2, 5, 1, 1, 3, 3, 3, 3, 1, 5, 3, 1, 1), 'Permute', (0, 6, 2, 2, 4, 4, 2, 0, 1, 5, 3, 1, 3, 3, 3, 1, 3, 5, 1, 1), 'Complement', (0, 2, 2, 6, 4, 0, 2, 4, 1, 1, 3, 5, 3, 1, 3, 3, 3, 1, 1, 5), 'SymDiff', (0, 2, 2, 6, 0, 4, 4, 2, 1, 1, 3, 5, 1, 3, 3, 3, 3, 1, 1, 5), 'Complement'] 

min=PointVector 
 vector=(0, 2, 2, 6, 0, 4, 4, 2, 1, 3, 3, 3, 1, 3, 5, 1, 2, 2, 4, 2) 
 history=[(3, 1, 5, 1, 4, 2, 4, 0, 3, 3, 3, 1, 6, 2, 0, 2, 4, 2, 2, 2), 'init', (6, 2, 0, 2, 4, 2, 4, 0, 3, 3, 3, 1, 3, 1, 5, 1, 4, 2, 2, 2), 'Permute', (6, 0, 2, 2, 4, 4, 2, 0, 3, 3, 3, 1, 3, 5, 1, 1, 4, 2, 2, 2), 'Permute', (0, 6, 2, 2, 4, 4, 2, 0, 3, 3, 3, 1, 3, 5, 1, 1, 2, 4, 2, 2), 'Complement', (0, 2, 2, 6, 4, 0, 2, 4, 3, 1, 3, 3, 3, 1, 1, 5, 2, 2, 2, 4), 'SymDiff', (0, 2, 2, 6, 0, 4, 4, 2, 1, 3, 3, 3, 1, 3, 5, 1, 2, 2, 4, 2), 'Complement'] 

min=PointVector 
 vector=(0, 2, 4, 4, 1, 1, 1, 7, 1, 3, 3, 3, 2, 2, 2, 4, 2, 4, 2, 2) 
 history=[(7, 1, 1, 1, 4, 2, 4, 0, 2, 2, 4, 2, 4, 2, 2, 2, 3, 3, 3, 1), 'init', (4, 2, 4, 0, 7, 1, 1, 1, 3, 3, 3, 1, 4, 2, 2, 2, 2, 2, 4, 2), 'Permute', (2, 4, 0, 4, 1, 7, 1, 1, 3, 3, 1, 3, 2, 4, 2, 2, 2, 2, 4, 2), 'Complement', (2, 0, 4, 4, 1, 1, 7, 1, 3, 1, 3, 3, 2, 2, 4, 2, 2, 4, 2, 2), 'Permute', (0, 2, 4, 4, 1, 1, 1, 7, 1, 3, 3, 3, 2, 2, 2, 4, 2, 4, 2, 2), 'Complement'] 

min=PointVector 
 vector=(0, 2, 2, 6, 0, 2, 4, 4, 0, 6, 2, 2, 1, 3, 3, 3, 3, 1, 3, 3) 
 history=[(6, 0, 2, 2, 4, 0, 4, 2, 6, 2, 0, 2, 3, 3, 3, 1, 3, 3, 3, 1), 'init', (6, 2, 2, 0, 4, 2, 4, 0, 6, 2, 0, 2, 3, 1, 3, 3, 3, 1, 3, 3), 'SymDiff', (2, 6, 0, 2, 2, 4, 0, 4, 6, 2, 0, 2, 1, 3, 3, 3, 1, 3, 3, 3), 'Complement', (2, 0, 6, 2, 2, 0, 4, 4, 6, 0, 2, 2, 1, 3, 3, 3, 1, 3, 3, 3), 'Permute', (0, 2, 2, 6, 0, 2, 4, 4, 0, 6, 2, 2, 1, 3, 3, 3, 3, 1, 3, 3), 'Complement'] 

min=PointVector 
 vector=(0, 2, 4, 4, 1, 3, 1, 5, 1, 3, 1, 5, 1, 3, 5, 1, 2, 4, 2, 2) 
 history=[(3, 1, 5, 1, 5, 1, 3, 1, 5, 3, 1, 1, 4, 2, 2, 2, 2, 4, 4, 0), 'init', (2, 4, 4, 0, 5, 1, 3, 1, 3, 1, 5, 1, 5, 3, 1, 1, 4, 2, 2, 2), 'Permute', (2, 4, 4, 0, 1, 5, 1, 3, 3, 1, 5, 1, 3, 5, 1, 1, 4, 2, 2, 2), 'Complement', (2, 0, 4, 4, 1, 3, 1, 5, 3, 1, 5, 1, 3, 1, 1, 5, 4, 2, 2, 2), 'SymDiff', (0, 2, 4, 4, 1, 3, 1, 5, 1, 3, 1, 5, 1, 3, 5, 1, 2, 4, 2, 2), 'Complement'] 

min=PointVector 
 vector=(0, 2, 2, 6, 0, 2, 6, 2, 1, 3, 1, 5, 1, 3, 3, 3, 2, 4, 2, 2) 
 history=[(6, 0, 2, 2, 5, 1, 3, 1, 4, 2, 2, 2, 6, 2, 0, 2, 3, 1, 3, 3), 'init', (6, 0, 2, 2, 6, 2, 0, 2, 5, 1, 3, 1, 3, 1, 3, 3, 4, 2, 2, 2), 'Permute', (0, 6, 2, 2, 2, 6, 2, 0, 1, 5, 1, 3, 1, 3, 3, 3, 4, 2, 2, 2), 'Complement', (0, 2, 2, 6, 2, 0, 2, 6, 1, 3, 1, 5, 1, 3, 3, 3, 4, 2, 2, 2), 'SymDiff', (0, 2, 2, 6, 0, 2, 6, 2, 1, 3, 1, 5, 1, 3, 3, 3, 2, 4, 2, 2), 'Complement'] 

min=PointVector 
 vector=(0, 2, 4, 4, 0, 2, 4, 4, 0, 4, 2, 4, 0, 4, 2, 4, 2, 4, 4, 0) 
 history=[(4, 2, 4, 0, 4, 2, 4, 0, 4, 4, 2, 0, 4, 0, 2, 4, 2, 4, 4, 0), 'init', (4, 0, 2, 4, 2, 4, 4, 0, 4, 2, 4, 0, 4, 2, 4, 0, 4, 4, 2, 0), 'Permute', (0, 4, 4, 2, 2, 4, 4, 0, 4, 2, 4, 0, 4, 2, 4, 0, 4, 4, 0, 2), 'Complement', (0, 2, 4, 4, 2, 0, 4, 4, 4, 0, 4, 2, 4, 0, 4, 2, 4, 2, 0, 4), 'SymDiff', (0, 2, 4, 4, 0, 2, 4, 4, 0, 4, 2, 4, 0, 4, 2, 4, 2, 4, 4, 0), 'Complement'] 

min=PointVector 
 vector=(0, 2, 2, 6, 0, 2, 4, 4, 0, 2, 6, 2, 0, 4, 2, 4, 2, 2, 2, 4) 
 history=[(2, 2, 6, 0, 4, 2, 4, 0, 4, 2, 2, 2, 6, 2, 0, 2, 2, 4, 4, 0), 'init', (2, 2, 6, 0, 2, 4, 4, 0, 6, 2, 0, 2, 4, 2, 4, 0, 4, 2, 2, 2), 'Permute', (2, 2, 6, 0, 2, 4, 4, 0, 2, 6, 2, 0, 4, 2, 4, 0, 2, 4, 2, 2), 'Complement', (2, 0, 6, 2, 2, 0, 4, 4, 2, 0, 2, 6, 4, 0, 4, 2, 2, 2, 2, 4), 'SymDiff', (0, 2, 2, 6, 0, 2, 4, 4, 0, 2, 6, 2, 0, 4, 2, 4, 2, 2, 2, 4), 'Complement'] 

min=PointVector 
 vector=(0, 2, 2, 6, 0, 4, 4, 2, 0, 4, 4, 2, 1, 1, 3, 5, 1, 5, 3, 1) 
 history=[(6, 2, 2, 0, 3, 1, 5, 1, 2, 4, 4, 0, 2, 4, 4, 0, 5, 1, 1, 3), 'init', (6, 2, 2, 0, 2, 4, 4, 0, 2, 4, 4, 0, 3, 1, 5, 1, 5, 1, 1, 3), 'Permute', (2, 6, 0, 2, 4, 2, 0, 4, 4, 2, 0, 4, 1, 3, 1, 5, 5, 1, 1, 3), 'Complement', (2, 0, 6, 2, 4, 0, 2, 4, 4, 0, 2, 4, 1, 1, 3, 5, 5, 1, 1, 3), 'Permute', (0, 2, 2, 6, 0, 4, 4, 2, 0, 4, 4, 2, 1, 1, 3, 5, 1, 5, 3, 1), 'Complement'] 

min=PointVector 
 vector=(0, 2, 2, 6, 0, 2, 6, 2, 1, 3, 1, 5, 1, 3, 3, 3, 1, 3, 3, 3) 
 history=[(6, 0, 2, 2, 3, 1, 5, 1, 3, 3, 3, 1, 3, 3, 3, 1, 6, 2, 0, 2), 'init', (6, 0, 2, 2, 6, 2, 0, 2, 3, 1, 5, 1, 3, 3, 3, 1, 3, 3, 3, 1), 'Permute', (0, 6, 2, 2, 2, 6, 2, 0, 3, 1, 5, 1, 3, 3, 3, 1, 3, 3, 3, 1), 'Complement', (0, 2, 2, 6, 2, 0, 2, 6, 3, 1, 5, 1, 3, 1, 3, 3, 3, 1, 3, 3), 'SymDiff', (0, 2, 2, 6, 0, 2, 6, 2, 1, 3, 1, 5, 1, 3, 3, 3, 1, 3, 3, 3), 'Complement'] 

min=PointVector 
 vector=(0, 0, 4, 6, 0, 2, 2, 6, 0, 2, 2, 6, 0, 4, 4, 2, 4, 2, 2, 2) 
 history=[(6, 0, 2, 2, 6, 0, 2, 2, 4, 4, 2, 0, 0, 4, 6, 0, 4, 2, 2, 2), 'init', (0, 4, 6, 0, 6, 0, 2, 2, 6, 0, 2, 2, 4, 4, 2, 0, 4, 2, 2, 2), 'Permute', (0, 4, 6, 0, 0, 6, 2, 2, 0, 6, 2, 2, 4, 4, 2, 0, 4, 2, 2, 2), 'Complement', (0, 0, 6, 4, 0, 2, 2, 6, 0, 2, 2, 6, 4, 0, 2, 4, 4, 2, 2, 2), 'SymDiff', (0, 0, 4, 6, 0, 2, 2, 6, 0, 2, 2, 6, 0, 4, 4, 2, 4, 2, 2, 2), 'Complement'] 

min=PointVector 
 vector=(1, 1, 1, 7, 1, 1, 3, 5, 1, 3, 3, 3, 1, 3, 3, 3, 2, 4, 2, 2) 
 history=[(5, 1, 3, 1, 7, 1, 1, 1, 4, 2, 2, 2, 3, 3, 3, 1, 3, 1, 3, 3), 'init', (7, 1, 1, 1, 5, 1, 3, 1, 3, 3, 3, 1, 3, 1, 3, 3, 4, 2, 2, 2), 'Permute', (1, 7, 1, 1, 1, 5, 1, 3, 3, 3, 1, 3, 1, 3, 3, 3, 4, 2, 2, 2), 'Complement', (1, 1, 7, 1, 1, 1, 5, 3, 3, 1, 3, 3, 1, 3, 3, 3, 4, 2, 2, 2), 'Permute', (1, 1, 1, 7, 1, 1, 3, 5, 1, 3, 3, 3, 1, 3, 3, 3, 2, 4, 2, 2), 'Complement'] 

min=PointVector 
 vector=(0, 0, 4, 6, 0, 2, 2, 6, 0, 6, 2, 2, 1, 3, 3, 3, 2, 2, 4, 2) 
 history=[(6, 0, 2, 2, 6, 2, 2, 0, 3, 3, 3, 1, 4, 2, 2, 2, 0, 4, 6, 0), 'init', (0, 4, 6, 0, 6, 0, 2, 2, 6, 2, 2, 0, 3, 3, 3, 1, 4, 2, 2, 2), 'Permute', (0, 4, 6, 0, 0, 6, 2, 2, 6, 2, 2, 0, 3, 3, 3, 1, 2, 4, 2, 2), 'Complement', (0, 0, 6, 4, 0, 2, 2, 6, 6, 0, 2, 2, 3, 1, 3, 3, 2, 2, 2, 4), 'SymDiff', (0, 0, 4, 6, 0, 2, 2, 6, 0, 6, 2, 2, 1, 3, 3, 3, 2, 2, 4, 2), 'Complement'] 

min=PointVector 
 vector=(0, 2, 2, 6, 0, 2, 4, 4, 0, 6, 2, 2, 1, 1, 3, 5, 3, 3, 3, 1) 
 history=[(6, 0, 2, 2, 6, 2, 2, 0, 5, 1, 1, 3, 3, 1, 3, 3, 2, 4, 4, 0), 'init', (6, 0, 2, 2, 2, 4, 4, 0, 6, 2, 2, 0, 5, 1, 1, 3, 3, 1, 3, 3), 'Permute', (0, 6, 2, 2, 2, 4, 4, 0, 6, 2, 2, 0, 1, 5, 3, 1, 3, 1, 3, 3), 'Complement', (0, 2, 2, 6, 2, 0, 4, 4, 6, 0, 2, 2, 1, 1, 3, 5, 3, 3, 3, 1), 'SymDiff', (0, 2, 2, 6, 0, 2, 4, 4, 0, 6, 2, 2, 1, 1, 3, 5, 3, 3, 3, 1), 'Complement'] 

min=PointVector 
 vector=(0, 2, 2, 6, 0, 2, 4, 4, 1, 3, 5, 1, 2, 2, 2, 4, 4, 2, 2, 2) 
 history=[(6, 2, 2, 0, 4, 0, 4, 2, 4, 2, 2, 2, 4, 2, 2, 2, 5, 1, 1, 3), 'init', (6, 2, 2, 0, 4, 0, 4, 2, 5, 1, 1, 3, 4, 2, 2, 2, 4, 2, 2, 2), 'Permute', (2, 6, 0, 2, 0, 4, 2, 4, 1, 5, 3, 1, 2, 4, 2, 2, 4, 2, 2, 2), 'Complement', (2, 0, 6, 2, 0, 2, 4, 4, 1, 3, 5, 1, 2, 2, 4, 2, 4, 2, 2, 2), 'Permute', (0, 2, 2, 6, 0, 2, 4, 4, 1, 3, 5, 1, 2, 2, 2, 4, 4, 2, 2, 2), 'Complement'] 

min=PointVector 
 vector=(0, 2, 2, 6, 1, 1, 1, 7, 1, 1, 3, 5, 1, 3, 3, 3, 4, 2, 2, 2) 
 history=[(7, 1, 1, 1, 6, 0, 2, 2, 1, 3, 5, 1, 4, 2, 2, 2, 3, 3, 3, 1), 'init', (6, 0, 2, 2, 7, 1, 1, 1, 1, 3, 5, 1, 3, 3, 3, 1, 4, 2, 2, 2), 'Permute', (0, 6, 2, 2, 1, 7, 1, 1, 1, 3, 5, 1, 3, 3, 3, 1, 4, 2, 2, 2), 'Complement', (0, 2, 2, 6, 1, 1, 1, 7, 1, 1, 5, 3, 3, 1, 3, 3, 4, 2, 2, 2), 'SymDiff', (0, 2, 2, 6, 1, 1, 1, 7, 1, 1, 3, 5, 1, 3, 3, 3, 4, 2, 2, 2), 'Complement'] 

min=PointVector 
 vector=(0, 2, 4, 4, 0, 4, 2, 4, 0, 4, 4, 2, 1, 1, 3, 5, 3, 3, 1, 3) 
 history=[(5, 1, 3, 1, 4, 2, 4, 0, 4, 4, 2, 0, 2, 4, 4, 0, 3, 1, 3, 3), 'init', (4, 2, 4, 0, 4, 4, 2, 0, 2, 4, 4, 0, 5, 1, 3, 1, 3, 1, 3, 3), 'Permute', (2, 4, 0, 4, 4, 4, 0, 2, 4, 2, 0, 4, 1, 5, 1, 3, 3, 1, 3, 3), 'Complement', (2, 0, 4, 4, 4, 0, 4, 2, 4, 0, 2, 4, 1, 1, 5, 3, 3, 3, 1, 3), 'Permute', (0, 2, 4, 4, 0, 4, 2, 4, 0, 4, 4, 2, 1, 1, 3, 5, 3, 3, 1, 3), 'Complement'] 

min=PointVector 
 vector=(0, 0, 4, 6, 0, 4, 2, 4, 1, 1, 3, 5, 1, 3, 1, 5, 5, 1, 1, 3) 
 history=[(4, 2, 4, 0, 5, 1, 3, 1, 5, 3, 1, 1, 0, 4, 6, 0, 5, 1, 1, 3), 'init', (0, 4, 6, 0, 4, 2, 4, 0, 5, 1, 1, 3, 5, 1, 3, 1, 5, 3, 1, 1), 'Permute', (0, 4, 6, 0, 4, 2, 4, 0, 1, 5, 3, 1, 1, 5, 1, 3, 5, 3, 1, 1), 'Complement', (0, 0, 6, 4, 4, 0, 4, 2, 1, 1, 3, 5, 1, 3, 1, 5, 5, 1, 1, 3), 'SymDiff', (0, 0, 4, 6, 0, 4, 2, 4, 1, 1, 3, 5, 1, 3, 1, 5, 5, 1, 1, 3), 'Complement'] 

min=PointVector 
 vector=(0, 0, 4, 6, 0, 2, 2, 6, 0, 4, 4, 2, 0, 4, 4, 2, 1, 1, 3, 5) 
 history=[(4, 2, 4, 0, 4, 2, 4, 0, 5, 1, 1, 3, 0, 4, 6, 0, 6, 2, 0, 2), 'init', (0, 4, 6, 0, 6, 2, 0, 2, 4, 2, 4, 0, 4, 2, 4, 0, 5, 1, 1, 3), 'Permute', (0, 6, 4, 0, 6, 0, 2, 2, 4, 4, 2, 0, 4, 4, 2, 0, 5, 1, 1, 3), 'Permute', (0, 6, 4, 0, 0, 6, 2, 2, 4, 4, 2, 0, 4, 4, 2, 0, 1, 5, 3, 1), 'Complement', (0, 0, 4, 6, 0, 2, 2, 6, 4, 0, 2, 4, 4, 0, 2, 4, 1, 1, 3, 5), 'SymDiff', (0, 0, 4, 6, 0, 2, 2, 6, 0, 4, 4, 2, 0, 4, 4, 2, 1, 1, 3, 5), 'Complement'] 

min=PointVector 
 vector=(0, 2, 4, 4, 0, 2, 4, 4, 0, 4, 2, 4, 1, 3, 5, 1, 2, 4, 2, 2) 
 history=[(4, 2, 4, 0, 4, 2, 4, 0, 4, 0, 2, 4, 4, 2, 2, 2, 5, 3, 1, 1), 'init', (4, 2, 4, 0, 4, 2, 4, 0, 4, 0, 2, 4, 5, 3, 1, 1, 4, 2, 2, 2), 'Permute', (4, 0, 4, 2, 4, 0, 4, 2, 4, 4, 2, 0, 5, 1, 1, 3, 4, 2, 2, 2), 'SymDiff', (0, 4, 2, 4, 0, 4, 2, 4, 4, 4, 0, 2, 1, 5, 3, 1, 4, 2, 2, 2), 'Complement', (0, 2, 4, 4, 0, 2, 4, 4, 4, 0, 4, 2, 1, 3, 5, 1, 4, 2, 2, 2), 'Permute', (0, 2, 4, 4, 0, 2, 4, 4, 0, 4, 2, 4, 1, 3, 5, 1, 2, 4, 2, 2), 'Complement'] 

min=PointVector 
 vector=(0, 0, 4, 6, 0, 2, 2, 6, 1, 1, 1, 7, 2, 2, 2, 4, 2, 2, 4, 2) 
 history=[(7, 1, 1, 1, 6, 0, 2, 2, 4, 2, 2, 2, 0, 4, 6, 0, 4, 2, 2, 2), 'init', (0, 4, 6, 0, 6, 0, 2, 2, 7, 1, 1, 1, 4, 2, 2, 2, 4, 2, 2, 2), 'Permute', (0, 4, 6, 0, 0, 6, 2, 2, 1, 7, 1, 1, 2, 4, 2, 2, 2, 4, 2, 2), 'Complement', (0, 0, 6, 4, 0, 2, 2, 6, 1, 1, 1, 7, 2, 2, 2, 4, 2, 2, 2, 4), 'SymDiff', (0, 0, 4, 6, 0, 2, 2, 6, 1, 1, 1, 7, 2, 2, 2, 4, 2, 2, 4, 2), 'Complement'] 

min=PointVector 
 vector=(0, 0, 4, 6, 0, 4, 2, 4, 1, 3, 3, 3, 1, 3, 5, 1, 1, 3, 5, 1) 
 history=[(5, 1, 3, 1, 5, 1, 3, 1, 3, 3, 3, 1, 0, 4, 6, 0, 4, 4, 2, 0), 'init', (0, 4, 6, 0, 4, 4, 2, 0, 3, 3, 3, 1, 5, 1, 3, 1, 5, 1, 3, 1), 'Permute', (0, 6, 4, 0, 4, 2, 4, 0, 3, 3, 3, 1, 5, 3, 1, 1, 5, 3, 1, 1), 'Permute', (0, 6, 4, 0, 4, 2, 4, 0, 3, 3, 3, 1, 3, 5, 1, 1, 3, 5, 1, 1), 'Complement', (0, 0, 4, 6, 4, 0, 4, 2, 3, 1, 3, 3, 3, 1, 1, 5, 3, 1, 1, 5), 'SymDiff', (0, 0, 4, 6, 0, 4, 2, 4, 1, 3, 3, 3, 1, 3, 5, 1, 1, 3, 5, 1), 'Complement'] 

min=PointVector 
 vector=(0, 2, 2, 6, 0, 2, 2, 6, 0, 2, 6, 2, 1, 1, 3, 5, 2, 2, 2, 4) 
 history=[(6, 0, 2, 2, 6, 0, 2, 2, 6, 2, 0, 2, 5, 1, 1, 3, 2, 2, 4, 2), 'init', (0, 6, 2, 2, 0, 6, 2, 2, 2, 6, 2, 0, 1, 5, 3, 1, 2, 2, 4, 2), 'Complement', (0, 2, 2, 6, 0, 2, 2, 6, 2, 0, 2, 6, 1, 1, 3, 5, 2, 2, 4, 2), 'SymDiff', (0, 2, 2, 6, 0, 2, 2, 6, 0, 2, 6, 2, 1, 1, 3, 5, 2, 2, 2, 4), 'Complement'] 

min=PointVector 
 vector=(0, 2, 2, 6, 0, 4, 4, 2, 0, 4, 4, 2, 1, 1, 3, 5, 3, 3, 1, 3) 
 history=[(6, 2, 2, 0, 3, 1, 5, 1, 2, 4, 4, 0, 3, 3, 3, 1, 2, 4, 4, 0), 'init', (6, 2, 2, 0, 2, 4, 4, 0, 2, 4, 4, 0, 3, 1, 5, 1, 3, 3, 3, 1), 'Permute', (2, 6, 0, 2, 4, 2, 0, 4, 4, 2, 0, 4, 1, 3, 1, 5, 3, 3, 3, 1), 'Complement', (2, 0, 6, 2, 4, 0, 2, 4, 4, 0, 2, 4, 1, 1, 3, 5, 3, 3, 3, 1), 'Permute', (0, 2, 2, 6, 0, 4, 4, 2, 0, 4, 4, 2, 1, 1, 3, 5, 3, 3, 1, 3), 'Complement'] 

min=PointVector 
 vector=(0, 2, 4, 4, 0, 4, 2, 4, 1, 1, 1, 7, 1, 1, 3, 5, 3, 3, 3, 1) 
 history=[(7, 1, 1, 1, 4, 2, 4, 0, 3, 3, 3, 1, 5, 1, 1, 3, 4, 0, 2, 4), 'init', (4, 0, 2, 4, 4, 2, 4, 0, 7, 1, 1, 1, 5, 1, 1, 3, 3, 3, 3, 1), 'Permute', (0, 4, 4, 2, 4, 2, 4, 0, 1, 7, 1, 1, 1, 5, 3, 1, 3, 3, 1, 3), 'Complement', (0, 2, 4, 4, 4, 0, 4, 2, 1, 1, 1, 7, 1, 1, 3, 5, 3, 3, 1, 3), 'SymDiff', (0, 2, 4, 4, 0, 4, 2, 4, 1, 1, 1, 7, 1, 1, 3, 5, 3, 3, 3, 1), 'Complement'] 

min=PointVector 
 vector=(0, 2, 2, 6, 1, 1, 3, 5, 1, 3, 3, 3, 1, 3, 3, 3, 2, 4, 2, 2) 
 history=[(5, 1, 3, 1, 6, 2, 2, 0, 3, 3, 3, 1, 3, 3, 3, 1, 2, 2, 4, 2), 'init', (6, 2, 2, 0, 5, 1, 3, 1, 3, 3, 3, 1, 3, 3, 3, 1, 2, 2, 4, 2), 'Permute', (2, 6, 0, 2, 1, 5, 1, 3, 3, 3, 1, 3, 3, 3, 1, 3, 2, 2, 4, 2), 'Complement', (2, 0, 6, 2, 1, 1, 5, 3, 3, 1, 3, 3, 3, 1, 3, 3, 2, 4, 2, 2), 'Permute', (0, 2, 2, 6, 1, 1, 3, 5, 1, 3, 3, 3, 1, 3, 3, 3, 2, 4, 2, 2), 'Complement'] 

min=PointVector 
 vector=(0, 2, 4, 4, 0, 4, 2, 4, 0, 4, 4, 2, 1, 1, 3, 5, 1, 5, 3, 1) 
 history=[(4, 2, 4, 0, 5, 1, 3, 1, 2, 4, 4, 0, 4, 4, 2, 0, 1, 3, 5, 1), 'init', (4, 2, 4, 0, 4, 4, 2, 0, 2, 4, 4, 0, 5, 1, 3, 1, 1, 3, 5, 1), 'Permute', (2, 4, 0, 4, 4, 4, 0, 2, 4, 2, 0, 4, 1, 5, 1, 3, 1, 3, 5, 1), 'Complement', (2, 0, 4, 4, 4, 0, 4, 2, 4, 0, 2, 4, 1, 1, 5, 3, 1, 5, 3, 1), 'Permute', (0, 2, 4, 4, 0, 4, 2, 4, 0, 4, 4, 2, 1, 1, 3, 5, 1, 5, 3, 1), 'Complement'] 

min=PointVector 
 vector=(0, 2, 4, 4, 1, 1, 3, 5, 1, 3, 1, 5, 1, 3, 3, 3, 3, 3, 1, 3) 
 history=[(4, 2, 4, 0, 5, 1, 3, 1, 5, 3, 1, 1, 3, 3, 3, 1, 3, 1, 3, 3), 'init', (2, 4, 0, 4, 1, 5, 1, 3, 3, 5, 1, 1, 3, 3, 1, 3, 3, 1, 3, 3), 'Complement', (2, 0, 4, 4, 1, 1, 5, 3, 3, 1, 5, 1, 3, 1, 3, 3, 3, 3, 1, 3), 'Permute', (0, 2, 4, 4, 1, 1, 3, 5, 1, 3, 1, 5, 1, 3, 3, 3, 3, 3, 1, 3), 'Complement'] 

min=PointVector 
 vector=(0, 2, 2, 6, 0, 2, 4, 4, 1, 1, 1, 7, 1, 1, 3, 5, 4, 2, 2, 2) 
 history=[(6, 0, 2, 2, 7, 1, 1, 1, 2, 4, 4, 0, 1, 3, 5, 1, 4, 2, 2, 2), 'init', (6, 0, 2, 2, 2, 4, 4, 0, 7, 1, 1, 1, 1, 3, 5, 1, 4, 2, 2, 2), 'Permute', (0, 6, 2, 2, 2, 4, 4, 0, 1, 7, 1, 1, 1, 3, 5, 1, 4, 2, 2, 2), 'Complement', (0, 2, 2, 6, 2, 0, 4, 4, 1, 1, 1, 7, 1, 1, 5, 3, 4, 2, 2, 2), 'SymDiff', (0, 2, 2, 6, 0, 2, 4, 4, 1, 1, 1, 7, 1, 1, 3, 5, 4, 2, 2, 2), 'Complement'] 

min=PointVector 
 vector=(0, 2, 2, 6, 0, 4, 4, 2, 1, 1, 3, 5, 1, 3, 3, 3, 2, 4, 2, 2) 
 history=[(5, 1, 3, 1, 6, 2, 2, 0, 3, 1, 3, 3, 2, 4, 4, 0, 4, 2, 2, 2), 'init', (6, 2, 2, 0, 2, 4, 4, 0, 5, 1, 3, 1, 3, 1, 3, 3, 4, 2, 2, 2), 'Permute', (2, 6, 0, 2, 4, 2, 0, 4, 1, 5, 1, 3, 1, 3, 3, 3, 4, 2, 2, 2), 'Complement', (2, 0, 6, 2, 4, 0, 2, 4, 1, 1, 5, 3, 1, 3, 3, 3, 4, 2, 2, 2), 'Permute', (0, 2, 2, 6, 0, 4, 4, 2, 1, 1, 3, 5, 1, 3, 3, 3, 2, 4, 2, 2), 'Complement'] 

min=PointVector 
 vector=(0, 2, 4, 4, 0, 2, 4, 4, 1, 3, 1, 5, 1, 3, 3, 3, 1, 5, 3, 1) 
 history=[(4, 0, 4, 2, 4, 2, 4, 0, 5, 1, 1, 3, 3, 3, 3, 1, 5, 3, 1, 1), 'init', (4, 0, 4, 2, 4, 2, 4, 0, 5, 3, 1, 1, 3, 3, 3, 1, 5, 1, 1, 3), 'Permute', (0, 4, 2, 4, 2, 4, 0, 4, 3, 5, 1, 1, 3, 3, 1, 3, 5, 1, 1, 3), 'Complement', (0, 2, 4, 4, 2, 0, 4, 4, 3, 1, 5, 1, 3, 1, 3, 3, 5, 1, 1, 3), 'Permute', (0, 2, 4, 4, 0, 2, 4, 4, 1, 3, 1, 5, 1, 3, 3, 3, 1, 5, 3, 1), 'Complement'] 

min=PointVector 
 vector=(0, 2, 4, 4, 0, 4, 2, 4, 1, 1, 3, 5, 1, 3, 3, 3, 2, 4, 2, 2) 
 history=[(4, 2, 4, 0, 5, 1, 3, 1, 4, 4, 2, 0, 4, 2, 2, 2, 3, 1, 3, 3), 'init', (4, 2, 4, 0, 4, 4, 2, 0, 5, 1, 3, 1, 3, 1, 3, 3, 4, 2, 2, 2), 'Permute', (2, 4, 0, 4, 4, 4, 0, 2, 1, 5, 1, 3, 1, 3, 3, 3, 4, 2, 2, 2), 'Complement', (2, 0, 4, 4, 4, 0, 4, 2, 1, 1, 5, 3, 1, 3, 3, 3, 4, 2, 2, 2), 'Permute', (0, 2, 4, 4, 0, 4, 2, 4, 1, 1, 3, 5, 1, 3, 3, 3, 2, 4, 2, 2), 'Complement'] 

min=PointVector 
 vector=(0, 2, 2, 6, 0, 2, 4, 4, 0, 4, 4, 2, 1, 3, 1, 5, 2, 2, 4, 2) 
 history=[(5, 1, 3, 1, 2, 2, 6, 0, 2, 4, 4, 0, 4, 4, 2, 0, 4, 2, 2, 2), 'init', (2, 2, 6, 0, 2, 4, 4, 0, 4, 4, 2, 0, 5, 1, 3, 1, 4, 2, 2, 2), 'Permute', (2, 2, 6, 0, 2, 4, 4, 0, 4, 4, 2, 0, 1, 5, 1, 3, 2, 4, 2, 2), 'Complement', (2, 0, 6, 2, 2, 0, 4, 4, 4, 0, 2, 4, 1, 3, 1, 5, 2, 2, 2, 4), 'SymDiff', (0, 2, 2, 6, 0, 2, 4, 4, 0, 4, 4, 2, 1, 3, 1, 5, 2, 2, 4, 2), 'Complement'] 

min=PointVector 
 vector=(0, 2, 4, 4, 1, 1, 3, 5, 1, 3, 1, 5, 1, 3, 3, 3, 1, 5, 3, 1) 
 history=[(5, 1, 3, 1, 4, 2, 4, 0, 3, 1, 3, 3, 5, 3, 1, 1, 5, 1, 1, 3), 'init', (4, 2, 4, 0, 5, 1, 3, 1, 5, 3, 1, 1, 3, 1, 3, 3, 5, 1, 1, 3), 'Permute', (2, 4, 0, 4, 1, 5, 1, 3, 3, 5, 1, 1, 1, 3, 3, 3, 5, 1, 1, 3), 'Complement', (2, 0, 4, 4, 1, 1, 5, 3, 3, 1, 5, 1, 1, 3, 3, 3, 5, 1, 1, 3), 'Permute', (0, 2, 4, 4, 1, 1, 3, 5, 1, 3, 1, 5, 1, 3, 3, 3, 1, 5, 3, 1), 'Complement'] 

min=PointVector 
 vector=(0, 2, 4, 4, 0, 4, 2, 4, 1, 1, 3, 5, 1, 3, 5, 1, 4, 2, 2, 2) 
 history=[(5, 1, 3, 1, 4, 0, 4, 2, 4, 2, 2, 2, 4, 4, 2, 0, 5, 1, 1, 3), 'init', (4, 0, 4, 2, 4, 4, 2, 0, 5, 1, 3, 1, 5, 1, 1, 3, 4, 2, 2, 2), 'Permute', (0, 4, 2, 4, 4, 4, 0, 2, 1, 5, 1, 3, 1, 5, 3, 1, 4, 2, 2, 2), 'Complement', (0, 2, 4, 4, 4, 0, 4, 2, 1, 1, 5, 3, 1, 3, 5, 1, 4, 2, 2, 2), 'Permute', (0, 2, 4, 4, 0, 4, 2, 4, 1, 1, 3, 5, 1, 3, 5, 1, 4, 2, 2, 2), 'Complement'] 

min=PointVector 
 vector=(0, 0, 4, 6, 1, 3, 1, 5, 1, 3, 1, 5, 1, 3, 5, 1, 2, 2, 2, 4) 
 history=[(5, 1, 3, 1, 5, 1, 3, 1, 4, 2, 2, 2, 5, 3, 1, 1, 0, 4, 6, 0), 'init', (0, 4, 6, 0, 5, 1, 3, 1, 5, 1, 3, 1, 5, 3, 1, 1, 4, 2, 2, 2), 'Permute', (0, 4, 6, 0, 1, 5, 1, 3, 1, 5, 1, 3, 3, 5, 1, 1, 2, 4, 2, 2), 'Complement', (0, 0, 6, 4, 1, 3, 1, 5, 1, 3, 1, 5, 3, 1, 1, 5, 2, 2, 2, 4), 'SymDiff', (0, 0, 4, 6, 1, 3, 1, 5, 1, 3, 1, 5, 1, 3, 5, 1, 2, 2, 2, 4), 'Complement'] 

min=PointVector 
 vector=(0, 2, 2, 6, 0, 2, 4, 4, 0, 2, 4, 4, 1, 3, 5, 1, 1, 3, 5, 1) 
 history=[(3, 1, 5, 1, 5, 1, 3, 1, 2, 4, 4, 0, 6, 2, 0, 2, 2, 4, 4, 0), 'init', (6, 2, 0, 2, 2, 4, 4, 0, 2, 4, 4, 0, 5, 1, 3, 1, 3, 1, 5, 1), 'Permute', (6, 0, 2, 2, 2, 4, 4, 0, 2, 4, 4, 0, 5, 3, 1, 1, 3, 5, 1, 1), 'Permute', (0, 6, 2, 2, 2, 4, 4, 0, 2, 4, 4, 0, 3, 5, 1, 1, 3, 5, 1, 1), 'Complement', (0, 2, 2, 6, 2, 0, 4, 4, 2, 0, 4, 4, 3, 1, 1, 5, 3, 1, 1, 5), 'SymDiff', (0, 2, 2, 6, 0, 2, 4, 4, 0, 2, 4, 4, 1, 3, 5, 1, 1, 3, 5, 1), 'Complement'] 

min=PointVector 
 vector=(0, 2, 2, 6, 0, 2, 6, 2, 1, 3, 1, 5, 1, 3, 1, 5, 3, 3, 1, 3) 
 history=[(6, 0, 2, 2, 6, 2, 2, 0, 1, 3, 5, 1, 5, 1, 1, 3, 3, 3, 3, 1), 'init', (6, 2, 2, 0, 6, 0, 2, 2, 1, 1, 5, 3, 5, 3, 1, 1, 3, 1, 3, 3), 'SymDiff', (2, 6, 0, 2, 0, 6, 2, 2, 1, 1, 3, 5, 3, 5, 1, 1, 3, 1, 3, 3), 'Complement', (2, 0, 6, 2, 0, 2, 6, 2, 1, 3, 1, 5, 3, 1, 5, 1, 3, 3, 1, 3), 'Permute', (0, 2, 2, 6, 0, 2, 6, 2, 1, 3, 1, 5, 1, 3, 1, 5, 3, 3, 1, 3), 'Complement'] 

min=PointVector 
 vector=(0, 2, 2, 6, 0, 2, 2, 6, 0, 2, 4, 4, 1, 1, 3, 5, 5, 1, 1, 3) 
 history=[(6, 0, 2, 2, 6, 0, 2, 2, 1, 3, 5, 1, 5, 3, 1, 1, 2, 4, 4, 0), 'init', (6, 0, 2, 2, 6, 0, 2, 2, 2, 4, 4, 0, 1, 3, 5, 1, 5, 3, 1, 1), 'Permute', (0, 6, 2, 2, 0, 6, 2, 2, 2, 4, 4, 0, 1, 3, 5, 1, 5, 3, 1, 1), 'Complement', (0, 2, 2, 6, 0, 2, 2, 6, 2, 0, 4, 4, 1, 1, 5, 3, 5, 1, 1, 3), 'SymDiff', (0, 2, 2, 6, 0, 2, 2, 6, 0, 2, 4, 4, 1, 1, 3, 5, 5, 1, 1, 3), 'Complement'] 

min=PointVector 
 vector=(0, 0, 4, 6, 0, 2, 2, 6, 0, 4, 4, 2, 1, 1, 3, 5, 1, 5, 3, 1) 
 history=[(5, 1, 3, 1, 4, 2, 4, 0, 6, 2, 0, 2, 0, 4, 6, 0, 5, 1, 1, 3), 'init', (0, 4, 6, 0, 6, 2, 0, 2, 4, 2, 4, 0, 5, 1, 1, 3, 5, 1, 3, 1), 'Permute', (0, 6, 4, 0, 6, 0, 2, 2, 4, 4, 2, 0, 5, 1, 1, 3, 5, 3, 1, 1), 'Permute', (0, 6, 4, 0, 0, 6, 2, 2, 4, 4, 2, 0, 1, 5, 3, 1, 5, 3, 1, 1), 'Complement', (0, 0, 4, 6, 0, 2, 2, 6, 4, 0, 2, 4, 1, 1, 3, 5, 5, 1, 1, 3), 'SymDiff', (0, 0, 4, 6, 0, 2, 2, 6, 0, 4, 4, 2, 1, 1, 3, 5, 1, 5, 3, 1), 'Complement'] 

min=PointVector 
 vector=(0, 2, 2, 6, 0, 2, 2, 6, 1, 3, 5, 1, 2, 2, 2, 4, 2, 2, 2, 4) 
 history=[(6, 0, 2, 2, 6, 0, 2, 2, 2, 2, 4, 2, 4, 2, 2, 2, 5, 3, 1, 1), 'init', (6, 0, 2, 2, 6, 0, 2, 2, 5, 3, 1, 1, 4, 2, 2, 2, 2, 2, 4, 2), 'Permute', (0, 6, 2, 2, 0, 6, 2, 2, 3, 5, 1, 1, 2, 4, 2, 2, 2, 2, 4, 2), 'Complement', (0, 2, 2, 6, 0, 2, 2, 6, 3, 1, 1, 5, 2, 2, 2, 4, 2, 2, 4, 2), 'SymDiff', (0, 2, 2, 6, 0, 2, 2, 6, 1, 3, 5, 1, 2, 2, 2, 4, 2, 2, 2, 4), 'Complement'] 

min=PointVector 
 vector=(0, 2, 2, 6, 0, 2, 4, 4, 0, 6, 2, 2, 1, 1, 3, 5, 2, 2, 4, 2) 
 history=[(2, 2, 6, 0, 6, 2, 2, 0, 4, 2, 2, 2, 5, 1, 1, 3, 2, 4, 4, 0), 'init', (2, 2, 6, 0, 2, 4, 4, 0, 6, 2, 2, 0, 5, 1, 1, 3, 4, 2, 2, 2), 'Permute', (2, 2, 6, 0, 2, 4, 4, 0, 6, 2, 2, 0, 1, 5, 3, 1, 2, 4, 2, 2), 'Complement', (2, 0, 6, 2, 2, 0, 4, 4, 6, 0, 2, 2, 1, 1, 3, 5, 2, 2, 2, 4), 'SymDiff', (0, 2, 2, 6, 0, 2, 4, 4, 0, 6, 2, 2, 1, 1, 3, 5, 2, 2, 4, 2), 'Complement'] 

min=PointVector 
 vector=(0, 2, 2, 6, 0, 2, 4, 4, 1, 3, 5, 1, 2, 2, 2, 4, 2, 4, 2, 2) 
 history=[(6, 0, 2, 2, 4, 0, 4, 2, 4, 2, 2, 2, 4, 2, 2, 2, 5, 3, 1, 1), 'init', (6, 0, 2, 2, 4, 0, 4, 2, 5, 3, 1, 1, 4, 2, 2, 2, 4, 2, 2, 2), 'Permute', (6, 2, 2, 0, 4, 2, 4, 0, 5, 1, 1, 3, 4, 2, 2, 2, 4, 2, 2, 2), 'SymDiff', (2, 6, 0, 2, 2, 4, 0, 4, 1, 5, 3, 1, 2, 4, 2, 2, 4, 2, 2, 2), 'Complement', (2, 0, 6, 2, 2, 0, 4, 4, 1, 3, 5, 1, 2, 2, 4, 2, 4, 2, 2, 2), 'Permute', (0, 2, 2, 6, 0, 2, 4, 4, 1, 3, 5, 1, 2, 2, 2, 4, 2, 4, 2, 2), 'Complement'] 

min=PointVector 
 vector=(0, 2, 2, 6, 1, 1, 1, 7, 1, 1, 3, 5, 2, 2, 2, 4, 2, 2, 4, 2) 
 history=[(2, 2, 6, 0, 7, 1, 1, 1, 5, 1, 1, 3, 4, 2, 2, 2, 4, 2, 2, 2), 'init', (2, 2, 6, 0, 1, 7, 1, 1, 1, 5, 3, 1, 2, 4, 2, 2, 2, 4, 2, 2), 'Complement', (2, 0, 6, 2, 1, 1, 1, 7, 1, 1, 3, 5, 2, 2, 2, 4, 2, 2, 2, 4), 'SymDiff', (0, 2, 2, 6, 1, 1, 1, 7, 1, 1, 3, 5, 2, 2, 2, 4, 2, 2, 4, 2), 'Complement'] 

min=PointVector 
 vector=(0, 2, 2, 6, 0, 2, 4, 4, 1, 3, 1, 5, 1, 3, 3, 3, 1, 3, 5, 1) 
 history=[(2, 2, 6, 0, 5, 1, 3, 1, 3, 3, 3, 1, 5, 3, 1, 1, 2, 4, 4, 0), 'init', (2, 2, 6, 0, 2, 4, 4, 0, 5, 1, 3, 1, 3, 3, 3, 1, 5, 3, 1, 1), 'Permute', (2, 2, 6, 0, 2, 4, 4, 0, 1, 5, 1, 3, 3, 3, 3, 1, 3, 5, 1, 1), 'Complement', (2, 0, 6, 2, 2, 0, 4, 4, 1, 3, 1, 5, 3, 1, 3, 3, 3, 1, 1, 5), 'SymDiff', (0, 2, 2, 6, 0, 2, 4, 4, 1, 3, 1, 5, 1, 3, 3, 3, 1, 3, 5, 1), 'Complement'] 

min=PointVector 
 vector=(0, 2, 2, 6, 0, 2, 2, 6, 0, 2, 6, 2, 1, 3, 3, 3, 2, 4, 2, 2) 
 history=[(6, 0, 2, 2, 6, 0, 2, 2, 6, 2, 0, 2, 2, 2, 4, 2, 3, 3, 3, 1), 'init', (6, 0, 2, 2, 6, 0, 2, 2, 6, 2, 0, 2, 3, 3, 3, 1, 2, 2, 4, 2), 'Permute', (0, 6, 2, 2, 0, 6, 2, 2, 2, 6, 2, 0, 3, 3, 3, 1, 2, 2, 2, 4), 'Complement', (0, 2, 2, 6, 0, 2, 2, 6, 2, 0, 2, 6, 3, 1, 3, 3, 2, 4, 2, 2), 'SymDiff', (0, 2, 2, 6, 0, 2, 2, 6, 0, 2, 6, 2, 1, 3, 3, 3, 2, 4, 2, 2), 'Complement'] 

min=PointVector 
 vector=(0, 2, 2, 6, 0, 2, 2, 6, 0, 2, 4, 4, 0, 2, 6, 2, 2, 4, 2, 2) 
 history=[(6, 0, 2, 2, 2, 2, 6, 0, 6, 2, 0, 2, 2, 4, 4, 0, 4, 2, 2, 2), 'init', (6, 0, 2, 2, 2, 2, 6, 0, 2, 4, 4, 0, 6, 2, 0, 2, 4, 2, 2, 2), 'Permute', (0, 6, 2, 2, 2, 2, 6, 0, 2, 4, 4, 0, 2, 6, 2, 0, 4, 2, 2, 2), 'Complement', (0, 2, 2, 6, 2, 0, 6, 2, 2, 0, 4, 4, 2, 0, 2, 6, 4, 2, 2, 2), 'SymDiff', (0, 2, 2, 6, 0, 2, 2, 6, 0, 2, 4, 4, 0, 2, 6, 2, 2, 4, 2, 2), 'Complement'] 

min=PointVector 
 vector=(0, 2, 2, 6, 0, 2, 4, 4, 0, 4, 2, 4, 0, 4, 4, 2, 4, 2, 2, 2) 
 history=[(6, 0, 2, 2, 4, 2, 4, 0, 4, 4, 2, 0, 2, 4, 4, 0, 2, 2, 4, 2), 'init', (6, 0, 2, 2, 2, 4, 4, 0, 4, 2, 4, 0, 4, 4, 2, 0, 2, 2, 4, 2), 'Permute', (0, 6, 2, 2, 2, 4, 4, 0, 4, 2, 4, 0, 4, 4, 2, 0, 2, 2, 2, 4), 'Complement', (0, 2, 2, 6, 2, 0, 4, 4, 4, 0, 4, 2, 4, 0, 2, 4, 2, 4, 2, 2), 'SymDiff', (0, 2, 2, 6, 0, 2, 4, 4, 0, 4, 2, 4, 0, 4, 4, 2, 4, 2, 2, 2), 'Complement'] 

min=PointVector 
 vector=(0, 2, 2, 6, 0, 2, 4, 4, 0, 2, 6, 2, 0, 4, 2, 4, 3, 3, 1, 3) 
 history=[(6, 0, 2, 2, 4, 2, 4, 0, 3, 1, 3, 3, 6, 2, 0, 2, 2, 4, 4, 0), 'init', (6, 0, 2, 2, 2, 4, 4, 0, 6, 2, 0, 2, 4, 2, 4, 0, 3, 1, 3, 3), 'Permute', (0, 6, 2, 2, 2, 4, 4, 0, 2, 6, 2, 0, 4, 2, 4, 0, 3, 1, 3, 3), 'Complement', (0, 2, 2, 6, 2, 0, 4, 4, 2, 0, 2, 6, 4, 0, 4, 2, 3, 3, 3, 1), 'SymDiff', (0, 2, 2, 6, 0, 2, 4, 4, 0, 2, 6, 2, 0, 4, 2, 4, 3, 3, 1, 3), 'Complement'] 

min=PointVector 
 vector=(0, 2, 4, 4, 0, 4, 2, 4, 1, 1, 3, 5, 1, 3, 3, 3, 1, 5, 3, 1) 
 history=[(4, 2, 4, 0, 5, 1, 3, 1, 3, 1, 3, 3, 5, 1, 1, 3, 4, 4, 2, 0), 'init', (4, 2, 4, 0, 4, 4, 2, 0, 5, 1, 3, 1, 3, 1, 3, 3, 5, 1, 1, 3), 'Permute', (2, 4, 0, 4, 4, 4, 0, 2, 1, 5, 1, 3, 1, 3, 3, 3, 5, 1, 1, 3), 'Complement', (2, 0, 4, 4, 4, 0, 4, 2, 1, 1, 5, 3, 1, 3, 3, 3, 5, 1, 1, 3), 'Permute', (0, 2, 4, 4, 0, 4, 2, 4, 1, 1, 3, 5, 1, 3, 3, 3, 1, 5, 3, 1), 'Complement'] 

min=PointVector 
 vector=(0, 2, 2, 6, 0, 4, 4, 2, 0, 4, 4, 2, 1, 3, 3, 3, 2, 2, 4, 2) 
 history=[(4, 2, 4, 0, 4, 0, 4, 2, 3, 3, 3, 1, 6, 2, 0, 2, 4, 2, 2, 2), 'init', (6, 2, 0, 2, 4, 2, 4, 0, 4, 0, 4, 2, 3, 3, 3, 1, 4, 2, 2, 2), 'Permute', (6, 0, 2, 2, 4, 4, 2, 0, 4, 4, 0, 2, 3, 3, 3, 1, 4, 2, 2, 2), 'Permute', (6, 2, 2, 0, 4, 0, 2, 4, 4, 2, 0, 4, 3, 1, 3, 3, 4, 2, 2, 2), 'SymDiff', (2, 6, 0, 2, 0, 4, 4, 2, 4, 2, 0, 4, 1, 3, 3, 3, 2, 4, 2, 2), 'Complement', (2, 0, 6, 2, 0, 4, 4, 2, 4, 0, 2, 4, 1, 3, 3, 3, 2, 2, 4, 2), 'Permute', (0, 2, 2, 6, 0, 4, 4, 2, 0, 4, 4, 2, 1, 3, 3, 3, 2, 2, 4, 2), 'Complement'] 

min=PointVector 
 vector=(0, 2, 2, 6, 0, 2, 4, 4, 1, 3, 5, 1, 1, 3, 5, 1, 2, 4, 2, 2) 
 history=[(5, 1, 3, 1, 5, 1, 3, 1, 2, 4, 4, 0, 6, 2, 0, 2, 2, 2, 4, 2), 'init', (6, 2, 0, 2, 2, 4, 4, 0, 5, 1, 3, 1, 5, 1, 3, 1, 2, 2, 4, 2), 'Permute', (6, 0, 2, 2, 2, 4, 4, 0, 5, 3, 1, 1, 5, 3, 1, 1, 2, 4, 2, 2), 'Permute', (0, 6, 2, 2, 2, 4, 4, 0, 3, 5, 1, 1, 3, 5, 1, 1, 4, 2, 2, 2), 'Complement', (0, 2, 2, 6, 2, 0, 4, 4, 3, 1, 1, 5, 3, 1, 1, 5, 4, 2, 2, 2), 'SymDiff', (0, 2, 2, 6, 0, 2, 4, 4, 1, 3, 5, 1, 1, 3, 5, 1, 2, 4, 2, 2), 'Complement'] 

min=PointVector 
 vector=(0, 2, 2, 6, 0, 4, 4, 2, 1, 1, 3, 5, 1, 1, 3, 5, 1, 5, 3, 1) 
 history=[(5, 1, 3, 1, 4, 2, 4, 0, 6, 2, 0, 2, 1, 3, 5, 1, 5, 1, 1, 3), 'init', (6, 2, 0, 2, 4, 2, 4, 0, 5, 1, 1, 3, 1, 3, 5, 1, 5, 1, 3, 1), 'Permute', (6, 0, 2, 2, 4, 4, 2, 0, 5, 1, 1, 3, 1, 5, 3, 1, 5, 3, 1, 1), 'Permute', (0, 6, 2, 2, 4, 4, 2, 0, 1, 5, 3, 1, 1, 5, 3, 1, 5, 3, 1, 1), 'Complement', (0, 2, 2, 6, 4, 0, 2, 4, 1, 1, 3, 5, 1, 1, 3, 5, 5, 1, 1, 3), 'SymDiff', (0, 2, 2, 6, 0, 4, 4, 2, 1, 1, 3, 5, 1, 1, 3, 5, 1, 5, 3, 1), 'Complement'] 

min=PointVector 
 vector=(0, 2, 2, 6, 0, 2, 4, 4, 0, 4, 4, 2, 1, 3, 3, 3, 3, 3, 1, 3) 
 history=[(2, 2, 6, 0, 4, 2, 4, 0, 3, 3, 3, 1, 3, 3, 3, 1, 4, 4, 2, 0), 'init', (2, 2, 6, 0, 4, 2, 4, 0, 4, 4, 2, 0, 3, 3, 3, 1, 3, 3, 3, 1), 'Permute', (2, 0, 6, 2, 4, 0, 4, 2, 4, 0, 2, 4, 3, 1, 3, 3, 3, 1, 3, 3), 'SymDiff', (0, 2, 2, 6, 0, 4, 2, 4, 0, 4, 4, 2, 1, 3, 3, 3, 3, 1, 3, 3), 'Complement', (0, 2, 2, 6, 0, 2, 4, 4, 0, 4, 4, 2, 1, 3, 3, 3, 3, 3, 1, 3), 'Permute'] 

min=PointVector 
 vector=(0, 2, 2, 6, 0, 2, 4, 4, 0, 2, 4, 4, 1, 3, 1, 5, 1, 3, 5, 1) 
 history=[(6, 0, 2, 2, 5, 1, 3, 1, 4, 0, 2, 4, 5, 3, 1, 1, 2, 4, 4, 0), 'init', (6, 0, 2, 2, 4, 0, 2, 4, 2, 4, 4, 0, 5, 1, 3, 1, 5, 3, 1, 1), 'Permute', (0, 6, 2, 2, 0, 4, 4, 2, 2, 4, 4, 0, 1, 5, 1, 3, 3, 5, 1, 1), 'Complement', (0, 2, 2, 6, 0, 2, 4, 4, 2, 0, 4, 4, 1, 3, 1, 5, 3, 1, 1, 5), 'SymDiff', (0, 2, 2, 6, 0, 2, 4, 4, 0, 2, 4, 4, 1, 3, 1, 5, 1, 3, 5, 1), 'Complement'] 

min=PointVector 
 vector=(0, 2, 2, 6, 0, 2, 4, 4, 0, 2, 4, 4, 1, 1, 1, 7, 2, 2, 4, 2) 
 history=[(6, 0, 2, 2, 7, 1, 1, 1, 2, 4, 4, 0, 2, 2, 4, 2, 2, 4, 4, 0), 'init', (6, 0, 2, 2, 2, 4, 4, 0, 2, 4, 4, 0, 7, 1, 1, 1, 2, 2, 4, 2), 'Permute', (0, 6, 2, 2, 2, 4, 4, 0, 2, 4, 4, 0, 1, 7, 1, 1, 2, 2, 4, 2), 'Complement', (0, 2, 2, 6, 2, 0, 4, 4, 2, 0, 4, 4, 1, 1, 1, 7, 2, 2, 4, 2), 'SymDiff', (0, 2, 2, 6, 0, 2, 4, 4, 0, 2, 4, 4, 1, 1, 1, 7, 2, 2, 4, 2), 'Complement'] 

min=PointVector 
 vector=(0, 0, 4, 6, 0, 2, 2, 6, 0, 4, 4, 2, 1, 3, 5, 1, 4, 2, 2, 2) 
 history=[(4, 2, 4, 0, 5, 1, 3, 1, 4, 2, 2, 2, 6, 2, 0, 2, 0, 4, 6, 0), 'init', (0, 4, 6, 0, 6, 2, 0, 2, 4, 2, 4, 0, 5, 1, 3, 1, 4, 2, 2, 2), 'Permute', (0, 6, 4, 0, 6, 0, 2, 2, 4, 4, 2, 0, 5, 3, 1, 1, 4, 2, 2, 2), 'Permute', (0, 6, 4, 0, 0, 6, 2, 2, 4, 4, 2, 0, 3, 5, 1, 1, 4, 2, 2, 2), 'Complement', (0, 0, 4, 6, 0, 2, 2, 6, 4, 0, 2, 4, 3, 1, 1, 5, 4, 2, 2, 2), 'SymDiff', (0, 0, 4, 6, 0, 2, 2, 6, 0, 4, 4, 2, 1, 3, 5, 1, 4, 2, 2, 2), 'Complement'] 

min=PointVector 
 vector=(0, 2, 4, 4, 0, 4, 2, 4, 1, 1, 1, 7, 2, 2, 2, 4, 2, 2, 4, 2) 
 history=[(7, 1, 1, 1, 4, 0, 4, 2, 4, 2, 2, 2, 2, 4, 4, 0, 4, 2, 2, 2), 'init', (2, 4, 4, 0, 4, 0, 4, 2, 7, 1, 1, 1, 4, 2, 2, 2, 4, 2, 2, 2), 'Permute', (2, 4, 4, 0, 0, 4, 2, 4, 1, 7, 1, 1, 2, 4, 2, 2, 2, 4, 2, 2), 'Complement', (2, 0, 4, 4, 0, 4, 2, 4, 1, 1, 1, 7, 2, 2, 2, 4, 2, 2, 2, 4), 'SymDiff', (0, 2, 4, 4, 0, 4, 2, 4, 1, 1, 1, 7, 2, 2, 2, 4, 2, 2, 4, 2), 'Complement'] 

min=PointVector 
 vector=(0, 2, 2, 6, 0, 4, 4, 2, 1, 1, 3, 5, 1, 3, 3, 3, 3, 3, 3, 1) 
 history=[(2, 2, 6, 0, 5, 1, 3, 1, 3, 3, 3, 1, 3, 3, 3, 1, 4, 4, 2, 0), 'init', (2, 2, 6, 0, 4, 4, 2, 0, 5, 1, 3, 1, 3, 3, 3, 1, 3, 3, 3, 1), 'Permute', (2, 0, 6, 2, 4, 0, 2, 4, 5, 1, 3, 1, 3, 1, 3, 3, 3, 1, 3, 3), 'SymDiff', (0, 2, 2, 6, 0, 4, 4, 2, 1, 5, 1, 3, 1, 3, 3, 3, 3, 1, 3, 3), 'Complement', (0, 2, 2, 6, 0, 4, 4, 2, 1, 1, 5, 3, 1, 3, 3, 3, 3, 3, 1, 3), 'Permute', (0, 2, 2, 6, 0, 4, 4, 2, 1, 1, 3, 5, 1, 3, 3, 3, 3, 3, 3, 1), 'Complement'] 

min=PointVector 
 vector=(0, 2, 4, 4, 1, 1, 3, 5, 1, 3, 1, 5, 1, 3, 1, 5, 5, 1, 1, 3) 
 history=[(4, 2, 4, 0, 5, 1, 3, 1, 5, 3, 1, 1, 5, 1, 1, 3, 1, 3, 5, 1), 'init', (4, 2, 4, 0, 5, 1, 3, 1, 1, 3, 5, 1, 5, 1, 1, 3, 5, 3, 1, 1), 'Permute', (4, 0, 4, 2, 5, 1, 3, 1, 1, 1, 5, 3, 5, 3, 1, 1, 5, 1, 1, 3), 'SymDiff', (0, 4, 2, 4, 1, 5, 1, 3, 1, 1, 3, 5, 3, 5, 1, 1, 5, 1, 1, 3), 'Complement', (0, 2, 4, 4, 1, 1, 5, 3, 1, 3, 1, 5, 3, 1, 5, 1, 5, 1, 1, 3), 'Permute', (0, 2, 4, 4, 1, 1, 3, 5, 1, 3, 1, 5, 1, 3, 1, 5, 5, 1, 1, 3), 'Complement'] 

min=PointVector 
 vector=(0, 2, 2, 6, 0, 4, 4, 2, 1, 1, 3, 5, 1, 3, 3, 3, 1, 5, 3, 1) 
 history=[(5, 1, 3, 1, 6, 2, 2, 0, 3, 3, 3, 1, 4, 0, 2, 4, 5, 1, 1, 3), 'init', (6, 2, 2, 0, 4, 0, 2, 4, 5, 1, 3, 1, 3, 3, 3, 1, 5, 1, 1, 3), 'Permute', (2, 6, 0, 2, 0, 4, 4, 2, 1, 5, 1, 3, 3, 3, 1, 3, 5, 1, 1, 3), 'Complement', (2, 0, 6, 2, 0, 4, 4, 2, 1, 1, 5, 3, 3, 1, 3, 3, 5, 1, 1, 3), 'Permute', (0, 2, 2, 6, 0, 4, 4, 2, 1, 1, 3, 5, 1, 3, 3, 3, 1, 5, 3, 1), 'Complement'] 

min=PointVector 
 vector=(0, 2, 2, 6, 0, 2, 4, 4, 0, 4, 4, 2, 0, 4, 4, 2, 1, 5, 3, 1) 
 history=[(4, 0, 4, 2, 6, 2, 2, 0, 2, 4, 4, 0, 5, 1, 1, 3, 2, 4, 4, 0), 'init', (6, 2, 2, 0, 4, 0, 4, 2, 2, 4, 4, 0, 2, 4, 4, 0, 5, 1, 1, 3), 'Permute', (2, 6, 0, 2, 0, 4, 2, 4, 4, 2, 0, 4, 4, 2, 0, 4, 5, 1, 1, 3), 'Complement', (2, 0, 6, 2, 0, 2, 4, 4, 4, 0, 2, 4, 4, 0, 2, 4, 5, 1, 1, 3), 'Permute', (0, 2, 2, 6, 0, 2, 4, 4, 0, 4, 4, 2, 0, 4, 4, 2, 1, 5, 3, 1), 'Complement'] 

